 1.0000E-01   1.170445038929356D+03   1.375952646607432D+03   1.120082175548124D+03   2.558704710593080D+02
 1.0500E-01   9.799786563885895D+02   1.180117787291452D+03   9.312590265687085D+02   2.488587607227442D+02
 1.2500E-01   5.607529227312623D+02   7.318874701562225D+02   5.184928464031410D+02   2.133946237530819D+02
 1.4000E-01   3.913844016622684D+02   5.440823701734153D+02   3.513556085754092D+02   1.927267615980060D+02
 1.5500E-01   2.299450698172664D+02   3.632820381307701D+02   1.894592123602306D+02   1.738228257705395D+02
 1.7500E-01   2.274712974943393D+02   3.230994792737181D+02   1.992784669992520D+02   1.238210122744661D+02
 2.0000E-01   2.496556124097748D+02   3.280061905065185D+02   2.252957754931256D+02   1.027104150133930D+02
 2.2000E-01   2.390259388793572D+02   3.105219322145407D+02   2.151346763462187D+02   9.538725586832192D+01
 2.5000E-01   1.991213643849617D+02   2.632682706696554D+02   1.751744519283351D+02   8.809381874132029D+01
 3.0000E-01   1.458516010970486D+02   1.986983248262111D+02   1.231920925868919D+02   7.550623223931916D+01
 3.1750E-01   1.329241435302438D+02   1.828766456698502D+02   1.106758121043192D+02   7.220083356553098D+01
 3.5000E-01   1.024925204281325D+02   1.487014354136700D+02   8.043234697822950D+01   6.826908843544048D+01
 4.0000E-01   7.343241916651317D+01   1.134676286488518D+02   5.292605047907468D+01   6.054157816977714D+01
 4.5000E-01   5.474484567001771D+01   9.014848182891993D+01   3.538304558617219D+01   5.476543624274773D+01
 5.3000E-01   4.132636446079587D+01   7.044230696266401D+01   2.489033443527023D+01   4.555197252739378D+01
 5.7000E-01   3.687824925389106D+01   6.340232448985375D+01   2.150533068934108D+01   4.189699380051265D+01
 6.5000E-01   3.037676377881737D+01   5.241000402265915D+01   1.657419736423767D+01   3.583580665842148D+01
 7.3000E-01   2.704951292025377D+01   4.477304098764650D+01   1.485198943060447D+01   2.992105155704203D+01
 8.5000E-01   2.477445661958972D+01   3.865680057493786D+01   1.414286027322458D+01   2.451394030171328D+01
 1.0000E+00   2.202004927299478D+01   3.421043637425645D+01   1.223518685306942D+01   2.197524952118702D+01
 1.1500E+00   2.025846060478711D+01   3.233240660782688D+01   1.108147746885135D+01   2.125092913897552D+01
 1.3000E+00   1.902097565054960D+01   3.189387127671534D+01   1.001241465794444D+01   2.188145661877090D+01
 1.3500E+00   1.910797861807767D+01   3.202428265180846D+01   1.047289719291708D+01   2.155138545889139D+01
 1.4000E+00   1.877979385728489D+01   3.187757403122214D+01   1.008464208633193D+01   2.179293194489021D+01
 1.5300E+00   1.819679947521782D+01   3.180604659793705D+01   9.661952818148352D+00   2.214409377978869D+01
 1.6500E+00   1.757687290172979D+01   3.165459112296716D+01   8.976032943991262D+00   2.267855817897590D+01
 1.8000E+00   1.694603437818793D+01   3.115215390929578D+01   8.355842940787054D+00   2.279631096850872D+01
 1.9000E+00   1.640540124146611D+01   3.054478238245719D+01   7.797170631734258D+00   2.274761175072294D+01
 2.0000E+00   1.558001430490128D+01   2.953293076460310D+01   7.027939721047771D+00   2.250499104355533D+01
 2.1500E+00   1.496561975037603D+01   2.842618569373363D+01   6.654508173060826D+00   2.177167752067280D+01
 2.2700E+00   1.370657762556280D+01   2.674613894590888D+01   5.584295901913548D+00   2.116184304399533D+01
 2.3500E+00   1.330815881527642D+01   2.609345887547740D+01   5.345680589448317D+00   2.074777828602907D+01
 2.5000E+00   1.261176280471083D+01   2.474612215531924D+01   5.038077349892180D+00   1.970804480542707D+01
 2.7500E+00   1.279023490810650D+01   2.336526344600106D+01   6.148147743377717D+00   1.721711570262334D+01
 2.9000E+00   1.314278431049371D+01   2.288097914252194D+01   6.864351332385652D+00   1.601662781013629D+01
 3.1000E+00   1.278021451026832D+01   2.160745256942826D+01   6.849098108754775D+00   1.475835446067348D+01
 3.3500E+00   1.346410190457644D+01   2.137836547023974D+01   7.824366870027601D+00   1.355399860021214D+01
 3.5000E+00   1.094691351084188D+01   1.893289332427916D+01   4.866624382125393D+00   1.406626894215376D+01
 3.7500E+00   9.254911949902997D+00   1.627441516544648D+01   3.690294194103606D+00   1.258412097134288D+01
 4.0000E+00   8.353420895108460D+00   1.454202916604462D+01   3.223400147615329D+00   1.131862901842930D+01
 4.5200E+00   6.873121789846071D+00   1.153464763484540D+01   2.657354035854192D+00   8.877293598991207D+00
 4.8000E+00   6.385429775395029D+00   1.037984783466475D+01   2.620126855500087D+00   7.759720979164666D+00
 5.0000E+00   6.182705711127753D+00   9.771005841447266D+00   2.677776237300236D+00   7.093229604147028D+00
 5.3000E+00   5.775309794612854D+00   8.807954702929187D+00   2.703388403004557D+00   6.104566299924633D+00
 5.6000E+00   6.102189486036672D+00   8.606559701050745D+00   3.501580267492662D+00   5.104979433558084D+00
 5.9000E+00   6.910213173750848D+00   9.029629488383353D+00   4.593566613446017D+00   4.436062874937336D+00
 6.7500E+00   5.706587397231503D+00   7.275292407087344D+00   3.819637050832658D+00   3.455655356254688D+00
 7.5500E+00   4.266590434254981D+00   5.374452274510094D+00   2.864504373582045D+00   2.509947900928048D+00
 8.2500E+00   4.083359077803654D+00   4.795056726306717D+00   3.094340597000731D+00   1.700716129305987D+00
 8.7000E+00   5.204962036826335D+00   5.749495219729040D+00   4.392541949858930D+00   1.356953269870111D+00
 9.0000E+00   6.801365229758520D+00   7.270268430327839D+00   6.066627779087868D+00   1.203640651239969D+00
 9.3000E+00   1.141297234489207D+01   1.187082518412417D+01   1.062078999432982D+01   1.250035189794347D+00
 9.7500E+00   1.348428778876444D+01   1.392728882148392D+01   1.261414308959805D+01   1.313145731885867D+00
 1.0000E+01   1.355864455921935D+01   1.398713257178520D+01   1.265788474542127D+01   1.329247826363939D+00
 1.0500E+01   1.207011979136528D+01   1.246431411084411D+01   1.118958172294390D+01   1.274732387900206D+00
 1.1000E+01   1.036083733823606D+01   1.071669195479700D+01   9.541846746212808D+00   1.174845208584193D+00
 1.1400E+01   9.058827276024353D+00   9.391864911396643D+00   8.292957452842202D+00   1.098907458554440D+00
 1.2000E+01   7.048968047488382D+00   7.355416695833656D+00   6.390350001490168D+00   9.650666943434862D-01
 1.2700E+01   5.986562959086321D+00   6.227282514313136D+00   5.472631579226443D+00   7.546509350866950D-01
 1.3500E+01   6.927867235752636D+00   7.090119294036212D+00   6.534528589537983D+00   5.555907044982293D-01
 1.5000E+01   8.015898605764521D+00   8.120420851321208D+00   7.713443404235161D+00   4.069774470860477D-01
 1.6500E+01   1.082720491621544D+01   1.092776861849833D+01   1.049088183356124D+01   4.368867849370987D-01
 1.8000E+01   9.516417425002111D+00   9.612812041423535D+00   9.161767589189775D+00   4.510444522337634D-01
 1.9000E+01   8.217609422475205D+00   8.301197631440454D+00   7.891955887971553D+00   4.092417434689011D-01
 2.0000E+01   6.961024584579885D+00   7.032706590080847D+00   6.669383459388608D+00   3.633231306922404D-01
 2.1000E+01   6.147849346607647D+00   6.205515157911201D+00   5.895490767449154D+00   3.100243904620442D-01
 2.3000E+01   5.325509898876223D+00   5.362033492458586D+00   5.129838580487865D+00   2.321949119707216D-01
 2.5000E+01   5.054321952715640D+00   5.078199161024922D+00   4.897489320219074D+00   1.807098408058490D-01
 2.6500E+01   5.060173181059948D+00   5.079995561631035D+00   4.920230062819519D+00   1.597654988115177D-01
 2.7500E+01   4.824063424530740D+00   4.841805503241078D+00   4.694624603645743D+00   1.471808995953325D-01
 2.9500E+01   4.385007629334398D+00   4.399739775798564D+00   4.274124389317189D+00   1.256153864813754D-01
 3.1500E+01   3.586630318221145D+00   3.598953881586921D+00   3.494951884843139D+00   1.040019967437812D-01
 3.3100E+01   3.131951053748638D+00   3.142022235493944D+00   3.054942505530381D+00   8.707972996356572D-02
 3.4500E+01   2.762516406399988D+00   2.770978574234888D+00   2.696544670203629D+00   7.443390403125734D-02
 3.6000E+01   2.466467857190281D+00   2.473490464234379D+00   2.410559374980211D+00   6.293108925416818D-02
 3.7000E+01   2.331017204283341D+00   2.337146350563893D+00   2.280917496042471D+00   5.622885452142221D-02
 3.8500E+01   2.213105810857473D+00   2.218042698924981D+00   2.170069394228049D+00   4.797330469693189D-02
 4.0000E+01   1.998630262025137D+00   2.002702166032635D+00   1.961589163994792D+00   4.111300203784286D-02
 4.2000E+01   1.745175255546810D+00   1.748268110856716D+00   1.714799494573182D+00   3.346861628353406D-02
 4.3350E+01   1.659404803537735D+00   1.661923401236481D+00   1.632749659111656D+00   2.917374212482517D-02
 4.5540E+01   1.515991659333153D+00   1.517867148671473D+00   1.494122333521266D+00   2.374481515020825D-02
 5.0000E+01   1.286478633334961D+00   1.287576435888171D+00   1.271340286629303D+00   1.623614925886778D-02
 6.0000E+01   8.815438027829476D-01   8.819534201470757D-01   8.740802525090103D-01   7.873167638064935D-03
 7.0000E+01   6.519694128574867D-01   6.521507510438943D-01   6.478899341975253D-01   4.260816846369308D-03
 8.5000E+01   4.421926917167661D-01   4.422641135536080D-01   4.403470912707124D-01   1.917022282895503D-03
 1.0000E+02   3.210995904016484D-01   3.211263379128598D-01   3.201721189091630D-01   9.542190036967799D-04
 1.0600E+02   2.870960333612312D-01   2.871138423862137D-01   2.863617345787263D-01   7.521078074872423D-04
 1.1000E+02   2.664626351122157D-01   2.664764913159879D-01   2.658295002863806D-01   6.469910296073043D-04
 1.1500E+02   2.440352060085835D-01   2.440455211359258D-01   2.435054623093441D-01   5.400588265816427D-04
 1.2000E+02   2.255505729972466D-01   2.255583881659397D-01   2.251038526268032D-01   4.545355391364909D-04
 1.2700E+02   2.026765052051129D-01   2.026819376700688D-01   2.023202715377806D-01   3.616661322881313D-04
 1.3300E+02   1.843469713139038D-01   1.843510241719400D-01   1.840508065438493D-01   3.002176280907407D-04
 1.4100E+02   1.641030466539624D-01   1.641058505132197D-01   1.638688467063768D-01   2.370038068428148D-04
 1.4500E+02   1.559274731753547D-01   1.559298257466472D-01   1.557181883212339D-01   2.116374254132950D-04
 1.5000E+02   1.469618344410721D-01   1.469637380839852D-01   1.467791809668438D-01   1.845571171413842D-04
 1.5500E+02   1.390504584034769D-01   1.390520108502168D-01   1.388903163375695D-01   1.616945126474040D-04
 2.0000E+02   9.183036582012469D-02   9.183069135066348D-02   9.177253381700663D-02   5.815753365681289D-05
 2.5000E+02   6.244050325907302D-02   6.244058745325998D-02   6.241677862079067D-02   2.380883246931161D-05
 3.5000E+02   3.890734520153601D-02   3.890735617590323D-02   3.890115684424489D-02   6.199331658325694D-06
 4.5000E+02   2.613191609809689D-02   2.613191850725942D-02   2.612964258269651D-02   2.275924562897629D-06
 5.0000E+02   2.185592799583236D-02   2.185592926737826D-02   2.185443779139744D-02   1.491475980811558D-06
 6.0000E+02   1.776597248502628D-02   1.776597290414411D-02   1.776525608796576D-02   7.168161783605085D-07
 8.0000E+02   1.458253157826710D-02   1.458253165030059D-02   1.458230564986876D-02   2.260004318229914D-07
 1.0000E+03   1.349068675085130D-02   1.349068676887520D-02   1.349059441076126D-02   9.235811394715532D-08
 1.3000E+03   1.272026987074897D-02   1.272026987409604D-02   1.272023758111374D-02   3.229298230581657D-08
 1.5000E+03   1.248619910960084D-02   1.248619911088811D-02   1.248618090392911D-02   1.820695899307761D-08
 2.0000E+03   1.269929506830762D-02   1.269929506853487D-02   1.269928932391463D-02   5.744620236363134D-09
 2.6000E+03   1.334390103945072D-02   1.334390103949762D-02   1.334389901717991D-02   2.022317711624134D-09
 3.0000E+03   1.373313260701918D-02   1.373313260703874D-02   1.373313146852121D-02   1.138517525823866D-09
 5.7000E+03   2.000336729587616D-02   2.000336729587647D-02   2.000336720787473D-02   8.800174456795133D-11
 9.6000E+03   2.758337658963866D-02   2.758337658963866D-02   2.758337657805501D-02   1.158364409613469D-11
 3.0000E+04   8.170134124118164D-04   8.170134124118164D-04   8.170134122945162D-04   1.173000679255227D-13
 1.0000E+05   4.200408043496511D-05   4.200408043496511D-05   4.200408043417453D-05   7.905835279237631D-16
