 1.0000E-01   5.525943735075921D+01   1.346360391657379D+02   3.371337545915474D+01   1.009226637065831D+02
 1.0500E-01   5.530535075257175D+01   1.296187095595928D+02   3.511442285572434D+01   9.450428670386846D+01
 1.2500E-01   5.718393070011336D+01   1.148871683737864D+02   4.139049313047484D+01   7.349667524331157D+01
 1.4000E-01   6.007212727103393D+01   1.083856093953991D+02   4.677446937603549D+01   6.161114001936361D+01
 1.5500E-01   6.405507257855547D+01   1.049114875961376D+02   5.266516115763832D+01   5.224632643849934D+01
 1.7500E-01   7.090129319163094D+01   1.042227042188144D+02   6.134458288895965D+01   4.287812132985471D+01
 2.0000E-01   8.136209427557752D+01   1.088663888686966D+02   7.296176250402154D+01   3.590462636467508D+01
 2.2000E-01   8.309736471976596D+01   1.082510887089685D+02   7.482777438833484D+01   3.342331432063366D+01
 2.5000E-01   7.496643400634289D+01   9.761284045248354D+01   6.664115161476289D+01   3.097168883772063D+01
 3.0000E-01   5.880361588906202D+01   7.772764394111412D+01   5.068453880689950D+01   2.704310513421465D+01
 3.1750E-01   5.382198404524387D+01   7.166595010830210D+01   4.581486894504342D+01   2.585108116325872D+01
 3.5000E-01   4.522397505979000D+01   6.135002910537047D+01   3.744681788067291D+01   2.390321122469759D+01
 4.0000E-01   3.481926121507770D+01   4.873372373684388D+01   2.747433648913467D+01   2.125938724770922D+01
 4.5000E-01   2.791634921142059D+01   4.001332139520238D+01   2.103126057860680D+01   1.898206081659556D+01
 5.3000E-01   2.112700585013741D+01   3.110857683472608D+01   1.504612081474572D+01   1.606245601998037D+01
 5.7000E-01   1.890248164004313D+01   2.805059741323729D+01   1.322442822879437D+01   1.482616918444293D+01
 6.5000E-01   1.583135779737053D+01   2.358905235317464D+01   1.086890688411015D+01   1.272014546906450D+01
 7.3000E-01   1.403546148352471D+01   2.045414048465759D+01   9.654724655397573D+00   1.079941582926001D+01
 8.5000E-01   1.253466760545496D+01   1.741491459329562D+01   8.803012596410273D+00   8.611901996885351D+00
 1.0000E+00   1.149440462652795D+01   1.534204478490658D+01   8.336704044578578D+00   7.005340740328002D+00
 1.1500E+00   1.058138328631606D+01   1.399691707432936D+01   7.743542819324395D+00   6.253374255004961D+00
 1.3000E+00   9.682302564309090D+00   1.312611282792649D+01   6.908389871417693D+00   6.217722956508792D+00
 1.3500E+00   9.400118384462985D+00   1.288436219088208D+01   6.610930677055518D+00   6.273431513826562D+00
 1.4000E+00   9.162987294719768D+00   1.267829154237679D+01   6.329911886409683D+00   6.348379655967103D+00
 1.5300E+00   8.615749008439376D+00   1.231287060747429D+01   5.667130083050780D+00   6.645740524423500D+00
 1.6500E+00   8.350094722375726D+00   1.233077731529629D+01   5.268124027884170D+00   7.062653287412122D+00
 1.8000E+00   8.071078369664782D+00   1.232474288235967D+01   4.833644069803077D+00   7.491098812556593D+00
 1.9000E+00   7.778656571640529D+00   1.212598661957687D+01   4.450733992816041D+00   7.675252626760836D+00
 2.0000E+00   7.197105635342819D+00   1.158104849026537D+01   3.810911228035600D+00   7.770137262229768D+00
 2.1500E+00   6.554895868227804D+00   1.096225687781334D+01   3.062747948823835D+00   7.899508928989504D+00
 2.2700E+00   5.330826118689269D+00   9.730226038414056D+00   1.792522699556897D+00   7.937703338857161D+00
 2.3500E+00   5.053401444150017D+00   9.462341731280395D+00   1.531548149338886D+00   7.930793581941505D+00
 2.5000E+00   4.592290519631312D+00   8.930102529608790D+00   1.151001302158945D+00   7.779101227449846D+00
 2.7500E+00   4.093066345434787D+00   8.165923021592974D+00   8.481610376212068D-01   7.317761983971766D+00
 2.9000E+00   3.872887523139209D+00   7.714567173128099D+00   7.433250849946706D-01   6.971242088133429D+00
 3.1000E+00   3.595775732793001D+00   7.129819001899040D+00   6.276655208273858D-01   6.502153481071654D+00
 3.3500E+00   3.213486256686231D+00   6.366974616732564D+00   4.807512657405596D-01   5.886223350992005D+00
 3.5000E+00   3.222554366324681D+00   6.173680123048556D+00   5.619899610292384D-01   5.611690162019318D+00
 3.7500E+00   2.939724997559884D+00   5.547884829846750D+00   5.091824102146330D-01   5.038702419632118D+00
 4.0000E+00   2.659111264326108D+00   4.947110483332533D+00   4.510555652005803D-01   4.496054918131954D+00
 4.5200E+00   2.145765055681938D+00   3.868135950871983D+00   3.333836742427073D-01   3.534752276629276D+00
 4.8000E+00   1.933373731598597D+00   3.416612857899415D+00   3.040608984731099D-01   3.112551959426304D+00
 5.0000E+00   1.848610613434433D+00   3.190580326209468D+00   3.054431717978975D-01   2.885137154411571D+00
 5.3000E+00   1.662132026483691D+00   2.804792420900440D+00   2.950090568315902D-01   2.509783364068852D+00
 5.6000E+00   1.482911948223332D+00   2.465756337688656D+00   2.935655935994982D-01   2.172190744089157D+00
 5.9000E+00   1.350778662403755D+00   2.194484701808864D+00   2.828814442583013D-01   1.911603257550563D+00
 6.7500E+00   9.866948647726774D-01   1.514958291254348D+00   2.523757369234880D-01   1.262582554330860D+00
 7.5500E+00   7.645921924736144D-01   1.078566280315608D+00   2.911812271792373D-01   7.873850531363701D-01
 8.2500E+00   8.121043081091317D-01   9.253611589563987D-01   5.596201975497397D-01   3.657409614066592D-01
 8.7000E+00   2.086639086526483D+00   2.129877936747463D+00   1.910624393263763D+00   2.192535434837003D-01
 9.0000E+00   3.609216754178428D+00   3.640910118059151D+00   3.443737747669420D+00   1.971723703897301D-01
 9.3000E+00   8.021582643617130D+00   8.093586422431853D+00   7.748306874602250D+00   3.452795478296049D-01
 9.7500E+00   1.004787313693188D+01   1.015646867603226D+01   9.646762408728742D+00   5.097062673035120D-01
 1.0000E+01   1.016934423023527D+01   1.028907205834538D+01   9.710486611427330D+00   5.785854469180525D-01
 1.0500E+01   8.718686419770387D+00   8.854234731626789D+00   8.224136400708618D+00   6.300983309181761D-01
 1.1000E+01   6.885236008273538D+00   7.025977905857259D+00   6.403433681053371D+00   6.225442248038853D-01
 1.1400E+01   5.469260653900572D+00   5.613997390302034D+00   5.010828055912467D+00   6.031693343895669D-01
 1.2000E+01   3.376957712330798D+00   3.528422626323413D+00   2.986600323955621D+00   5.418223023677925D-01
 1.2700E+01   1.985020019117134D+00   2.107716763950190D+00   1.693537281745978D+00   4.141794822042131D-01
 1.3500E+01   1.974374643566052D+00   2.040597542141894D+00   1.786115418621805D+00   2.544821235200894D-01
 1.5000E+01   2.861180685378626D+00   2.883577127182173D+00   2.759281351512179D+00   1.242957756699944D-01
 1.6500E+01   5.967054677040207D+00   5.991474699736766D+00   5.834339006185061D+00   1.571356935517043D-01
 1.8000E+01   6.204561912552682D+00   6.232911912003121D+00   6.028560810610185D+00   2.043511013929383D-01
 1.9000E+01   5.375879096702159D+00   5.402182694323455D+00   5.205724647345901D+00   1.964580469775530D-01
 2.0000E+01   4.697886756078462D+00   4.721326145381223D+00   4.540451524645841D+00   1.808746207353826D-01
 2.1000E+01   4.165978298224011D+00   4.186732398263888D+00   4.024479243061585D+00   1.622531552023010D-01
 2.3000E+01   3.508273765909500D+00   3.524124951741193D+00   3.390035436845110D+00   1.340895148960829D-01
 2.5000E+01   2.946422772331873D+00   2.958849785907069D+00   2.844927048751636D+00   1.139227371554351D-01
 2.6500E+01   2.518949653603547D+00   2.529684763211352D+00   2.429563214143029D+00   1.001215490683239D-01
 2.7500E+01   2.277499688200819D+00   2.287098312907451D+00   2.196354322959019D+00   9.074398994843161D-02
 2.9500E+01   1.853680778222672D+00   1.861673605408005D+00   1.787505186908463D+00   7.416841849954116D-02
 3.1500E+01   1.501621853235450D+00   1.508431089570206D+00   1.449293688474100D+00   5.913740109610552D-02
 3.3100E+01   1.343384916709160D+00   1.349086093626142D+00   1.300228660147462D+00   4.885743347868036D-02
 3.4500E+01   1.196902356480793D+00   1.201886188182952D+00   1.160150381103560D+00   4.173580707939215D-02
 3.6000E+01   1.043915323719181D+00   1.048241850280538D+00   1.012900666667695D+00   3.534118361284318D-02
 3.7000E+01   9.796824232274328D-01   9.835115005656453D-01   9.521211732947380D-01   3.139032727090741D-02
 3.8500E+01   9.580777072164320D-01   9.611780782425190D-01   9.346071039645880D-01   2.657097427793136D-02
 4.0000E+01   8.433179932862526D-01   8.459058319399776D-01   8.233634153906426D-01   2.254241654933520D-02
 4.2000E+01   7.290345282425578D-01   7.310147941125957D-01   7.128465472053199D-01   1.816824690727590D-02
 4.3350E+01   7.116022220285211D-01   7.132079798002908D-01   6.974355237683469D-01   1.577245603194365D-02
 4.5540E+01   6.424601777988866D-01   6.436628817039547D-01   6.308536590864300D-01   1.280922261752471D-02
 5.0000E+01   5.203084680072315D-01   5.210203193789940D-01   5.123392973078555D-01   8.681022071138592D-03
 6.0000E+01   3.262833345173998D-01   3.265600635204510D-01   3.223859267253843D-01   4.174136795066515D-03
 7.0000E+01   2.310096887581186D-01   2.311375937707897D-01   2.288841070456282D-01   2.253486725161504D-03
 8.5000E+01   1.572989837871797D-01   1.573534812493208D-01   1.563641228818727D-01   9.893583674481820D-04
 1.0000E+02   1.147892203681431D-01   1.148095679520874D-01   1.143386920560438D-01   4.708758960435899D-04
 1.0600E+02   1.029338568929136D-01   1.029471434655739D-01   1.025780903603873D-01   3.690531051865804D-04
 1.1000E+02   9.612934542781178D-02   9.613957640436017D-02   9.582290348739810D-02   3.166729169620893D-04
 1.1500E+02   8.862742088688563D-02   8.863496020409063D-02   8.837115121786310D-02   2.638089862275353D-04
 1.2000E+02   8.208441106440810D-02   8.209007551753789D-02   8.186844000366991D-02   2.216355138679554D-04
 1.2700E+02   7.426088817958190D-02   7.426478624318600D-02   7.408893260486243D-02   1.758536383235632D-04
 1.3300E+02   6.859406321486308D-02   6.859695154082196D-02   6.845123094552984D-02   1.457205952921331D-04
 1.4100E+02   6.225327623722200D-02   6.225526120927044D-02   6.214033474079321D-02   1.149264684771954D-04
 1.4500E+02   5.952978796736696D-02   5.953144892047307D-02   5.942885511375204D-02   1.025938067210207D-04
 1.5000E+02   5.647677841195413D-02   5.647811813118184D-02   5.638870127465638D-02   8.941685652544345D-05
 1.5500E+02   5.376765395846785D-02   5.376874338856813D-02   5.369044784768175D-02   7.829554088637838D-05
 2.0000E+02   3.850826695059904D-02   3.850849164011148D-02   3.848047167793141D-02   2.801996218006746D-05
 2.5000E+02   2.936042656813549D-02   2.936048423857186D-02   2.934903307654575D-02   1.145116202609709D-05
 3.5000E+02   2.117187748560691D-02   2.117188492290976D-02   2.116890838959864D-02   2.976533311115029D-06
 4.5000E+02   1.770944192820011D-02   1.770944354674831D-02   1.770835396628775D-02   1.089580460546847D-06
 5.0000E+02   1.664577335059178D-02   1.664577420333973D-02   1.664505926147791D-02   7.149418618131909D-07
 6.0000E+02   1.529447499914667D-02   1.529447527939090D-02   1.529413042743016D-02   3.448519607508671D-07
 8.0000E+02   1.385039913356911D-02   1.385039918115900D-02   1.385028998835679D-02   1.091928022104060D-07
 1.0000E+03   1.308031117576293D-02   1.308031118742615D-02   1.308026644171612D-02   4.474571002876646D-08
 1.3000E+03   1.242799731492582D-02   1.242799731696323D-02   1.242798164189747D-02   1.567506577090353D-08
 1.5000E+03   1.224228724547093D-02   1.224228724620500D-02   1.224227840034340D-02   8.845861592510608D-09
 2.0000E+03   1.253085452668942D-02   1.253085452681988D-02   1.253085172639718D-02   2.800422684301099D-09
 2.6000E+03   1.321692671297798D-02   1.321692671300484D-02   1.321692573194041D-02   9.810644322032103D-10
 3.0000E+03   1.362472237838843D-02   1.362472237839973D-02   1.362472182459473D-02   5.538049947062450D-10
 5.7000E+03   1.995257721407945D-02   1.995257721407966D-02   1.995257717091078D-02   4.316887828957139D-11
 9.6000E+03   2.755573159854841D-02   2.755573159854841D-02   2.755573159253673D-02   6.011670714800992D-12
 3.0000E+04   8.100697816672600D-04   8.100697816672600D-04   8.100697816083862D-04   5.887375098251290D-14
 1.0000E+05   3.963201840462755D-05   3.963201840462755D-05   3.963201840431022D-05   3.173301344625872D-16
