 1.0000E-01   5.308485909754710D+01   1.181571322285004D+02   3.464288272268491D+01   8.351424950581546D+01
 1.0500E-01   5.320115858836800D+01   1.138778325491272D+02   3.600620616765269D+01   7.787162638147451D+01
 1.2500E-01   5.544568365337643D+01   1.019333869228587D+02   4.227282789444069D+01   5.966055902841806D+01
 1.4000E-01   5.851707731297350D+01   9.709673192246846D+01   4.761578276347283D+01   4.948094915899562D+01
 1.5500E-01   6.264321062917438D+01   9.502004668760408D+01   5.345715916912255D+01   4.156288751848155D+01
 1.7500E-01   6.957371420469626D+01   9.582126897133514D+01   6.199979605058964D+01   3.382147292074551D+01
 2.0000E-01   7.996451722850195D+01   1.017735822262953D+02   7.332044853991380D+01   2.845313368638153D+01
 2.2000E-01   8.159927513660038D+01   1.019011993874325D+02   7.494040449950525D+01   2.696079488792724D+01
 2.5000E-01   7.336119395329912D+01   9.211763801032271D+01   6.646688858761526D+01   2.565074942270742D+01
 3.0000E-01   5.708841420526768D+01   7.323675768065949D+01   5.016392330949982D+01   2.307283437115968D+01
 3.1750E-01   5.206397145370835D+01   6.742484873128150D+01   4.518337601504220D+01   2.224147271623934D+01
 3.5000E-01   4.336952090034247D+01   5.745388394083956D+01   3.660850558395501D+01   2.084537835688457D+01
 4.0000E-01   3.279594579424403D+01   4.515030366840825D+01   2.633640095630800D+01   1.881390271210025D+01
 4.5000E-01   2.580114724545605D+01   3.665932823178613D+01   1.970198434664926D+01   1.695734388513686D+01
 5.3000E-01   1.905255719171139D+01   2.813826289611034D+01   1.362659022029503D+01   1.451167267581533D+01
 5.7000E-01   1.686326599752181D+01   2.524020631645969D+01   1.178413869473812D+01   1.345606762172157D+01
 6.5000E-01   1.379417247272968D+01   2.096215415880765D+01   9.340587649167558D+00   1.162156650964009D+01
 7.3000E-01   1.193198671689738D+01   1.787488934501284D+01   8.000849627096697D+00   9.874039717916139D+00
 8.5000E-01   1.040330778876831D+01   1.491044578793450D+01   7.060863138362390D+00   7.849582649572113D+00
 1.0000E+00   9.554689522366127D+00   1.311315917200177D+01   6.732306905366061D+00   6.380852266635709D+00
 1.1500E+00   8.899464908307161D+00   1.208692893463895D+01   6.350185340661800D+00   5.736743593977147D+00
 1.3000E+00   8.186117443066156D+00   1.144487425634588D+01   5.662113555012367D+00   5.782760701333512D+00
 1.3500E+00   7.936024379833314D+00   1.124618894027535D+01   5.385920574111946D+00   5.860268366163403D+00
 1.4000E+00   7.713497571321301D+00   1.106428042160229D+01   5.109889023784702D+00   5.954391397817585D+00
 1.5300E+00   7.109172509885754D+00   1.066069093230793D+01   4.371403295438791D+00   6.289287636869138D+00
 1.6500E+00   6.669331242151641D+00   1.051478451729845D+01   3.790729658129766D+00   6.724054859168685D+00
 1.8000E+00   6.202379692331529D+00   1.032837769671352D+01   3.167429964383830D+00   7.160947732329690D+00
 1.9000E+00   5.961220548050756D+00   1.018488494036055D+01   2.836867370148922D+00   7.348017570211634D+00
 2.0000E+00   5.701906191894379D+00   9.969106626145438D+00   2.512440727633561D+00   7.456665898511875D+00
 2.1500E+00   5.408391650608897D+00   9.706276770991016D+00   2.112813639823554D+00   7.593463131167460D+00
 2.2700E+00   5.217663906466352D+00   9.519012138761925D+00   1.858377938206447D+00   7.660634200555481D+00
 2.3500E+00   5.084972439641478D+00   9.402923268707941D+00   1.724382827160671D+00   7.678540441547266D+00
 2.5000E+00   4.855306889840612D+00   9.110881772057025D+00   1.561175089444820D+00   7.549706682612205D+00
 2.7500E+00   4.525201822668294D+00   8.523748723218054D+00   1.432216162006029D+00   7.091532561212023D+00
 2.9000E+00   4.330751878999213D+00   8.104664646644952D+00   1.381036452214885D+00   6.723628194430066D+00
 3.1000E+00   4.111406618717712D+00   7.575181046057633D+00   1.339585841335760D+00   6.235595204721872D+00
 3.3500E+00   3.858324524904142D+00   6.949375551599945D+00   1.299440437562190D+00   5.649935114037755D+00
 3.5000E+00   3.724862176399912D+00   6.606989472130746D+00   1.284605503705246D+00   5.322383968425500D+00
 3.7500E+00   3.503598712479098D+00   6.050462068277692D+00   1.270132453371119D+00   4.780329614906575D+00
 4.0000E+00   3.304089079488878D+00   5.541495240701932D+00   1.269599084079292D+00   4.271896156622640D+00
 4.5200E+00   2.974130492701452D+00   4.664137127137776D+00   1.306600280801931D+00   3.357536846335845D+00
 4.8000E+00   2.840464802312453D+00   4.293318189736863D+00   1.346139627434717D+00   2.947178562302144D+00
 5.0000E+00   2.758656153566219D+00   4.067232137273182D+00   1.380460077800006D+00   2.686772059473177D+00
 5.3000E+00   2.655777769222017D+00   3.771869590216873D+00   1.438011123444657D+00   2.333858466772218D+00
 5.6000E+00   2.569039460778562D+00   3.523890792783229D+00   1.495027794960562D+00   2.028862997822667D+00
 5.9000E+00   2.493154994156179D+00   3.311272784643446D+00   1.547913307379295D+00   1.763359477264152D+00
 6.7500E+00   2.314058425137242D+00   2.826754319043078D+00   1.687348057676940D+00   1.139406261366137D+00
 7.5500E+00   2.204737792191152D+00   2.503452481172989D+00   1.811108256240387D+00   6.923442249326018D-01
 8.2500E+00   2.347117837778447D+00   2.448999196062032D+00   2.166879351221721D+00   2.821198448403118D-01
 8.7000E+00   3.690280867729221D+00   3.724336856302763D+00   3.581989758385840D+00   1.423470979169233D-01
 9.0000E+00   5.240202787326959D+00   5.263710901914026D+00   5.141745778600413D+00   1.219651233136125D-01
 9.3000E+00   9.693055240409459D+00   9.758752302164789D+00   9.486552502078736D+00   2.721998000860568D-01
 9.7500E+00   1.172210491670751D+01   1.182434480115636D+01   1.139125512744095D+01   4.330896737154110D-01
 1.0000E+01   1.184221954711485D+01   1.195673572392065D+01   1.145907586877117D+01   4.976598551494827D-01
 1.0500E+01   1.049272811017470D+01   1.062119367778292D+01   1.005942918975139D+01   5.617644880315328D-01
 1.1000E+01   8.741355980277836D+00   8.875120443349703D+00   8.315496739494680D+00   5.596237038550204D-01
 1.1400E+01   7.413385502408722D+00   7.551953541325415D+00   7.007591775997398D+00   5.443617653280179D-01
 1.2000E+01   5.460112318994383D+00   5.605216179360943D+00   5.113526504715034D+00   4.916896746459071D-01
 1.2700E+01   4.238593103557490D+00   4.356851946231983D+00   3.989452397187542D+00   3.673995490444433D-01
 1.3500E+01   4.481338417945871D+00   4.543450439381751D+00   4.328314867906889D+00   2.151355714748626D-01
 1.5000E+01   5.965822500891702D+00   5.984558659961538D+00   5.887173576846205D+00   9.738508311533353D-02
 1.6500E+01   9.843741225488822D+00   9.864928830265383D+00   9.724332429020395D+00   1.405964012449920D-01
 1.8000E+01   1.091047359652967D+01   1.093635737796392D+01   1.074069832207687D+01   1.956590558870495D-01
 1.9000E+01   1.056099139071512D+01   1.058533396354879D+01   1.039347407724595D+01   1.918598863028404D-01
 2.0000E+01   1.023757409844228D+01   1.025952411176976D+01   1.008006143812038D+01   1.794626736493852D-01
 2.1000E+01   9.901849444915594D+00   9.921264232596842D+00   9.757388628146515D+00   1.638756044503247D-01
 2.3000E+01   9.156551935034795D+00   9.171478996689427D+00   9.033266997396179D+00   1.382119992932478D-01
 2.5000E+01   7.984622981775435D+00   7.996363316055066D+00   7.878371785921907D+00   1.179915301331599D-01
 2.6500E+01   6.915878332948029D+00   6.925876693609160D+00   6.823354304802916D+00   1.025223888062425D-01
 2.7500E+01   6.215541179254200D+00   6.224570545739237D+00   6.131950373764227D+00   9.262017197501009D-02
 2.9500E+01   4.939069050398671D+00   4.946606980253967D+00   4.871542169738723D+00   7.506481051524461D-02
 3.1500E+01   3.902300374792383D+00   3.908763193687530D+00   3.849135850563085D+00   5.962734312444495D-02
 3.3100E+01   3.279958883160868D+00   3.285554458171581D+00   3.236243242459218D+00   4.931121571236274D-02
 3.4500E+01   2.844492475676069D+00   2.849368852441559D+00   2.807581334306523D+00   4.178751813503685D-02
 3.6000E+01   2.467391518560293D+00   2.471535772891901D+00   2.436513607782797D+00   3.502216510910253D-02
 3.7000E+01   2.256526887666727D+00   2.260218418332662D+00   2.229019558019181D+00   3.119886031348154D-02
 3.8500E+01   1.983005763213364D+00   1.986091728164314D+00   1.959784946426625D+00   2.630678173768968D-02
 4.0000E+01   1.753860217782593D+00   1.756401228897015D+00   1.734214060389164D+00   2.218716850785153D-02
 4.2000E+01   1.516852034873021D+00   1.518761149519310D+00   1.500972751016219D+00   1.778839850309054D-02
 4.3350E+01   1.389744494882623D+00   1.391314651039655D+00   1.375871883039409D+00   1.544276800024548D-02
 4.5540E+01   1.220405810144351D+00   1.221563975939279D+00   1.209111246082316D+00   1.245272985696339D-02
 5.0000E+01   9.576505127992256D-01   9.583093390199805D-01   9.499508392152437D-01   8.358499804736953D-03
 6.0000E+01   5.920517896065323D-01   5.922662602865055D-01   5.884288294810516D-01   3.837430805453573D-03
 7.0000E+01   4.070737391078777D-01   4.071544249223583D-01   4.051618587457388D-01   1.992566176619465D-03
 8.5000E+01   2.626534099081069D-01   2.626775177345667D-01   2.617893832260276D-01   8.881345085391444D-04
 1.0000E+02   1.832823964237712D-01   1.832912958415759D-01   1.828355941651894D-01   4.557016763865850D-04
 1.0600E+02   1.611524497923794D-01   1.611586842658709D-01   1.607995443419865D-01   3.591399238843155D-04
 1.1000E+02   1.485156989474022D-01   1.485206717968674D-01   1.482119234909438D-01   3.087483059235652D-04
 1.1500E+02   1.346919882866791D-01   1.346957803240260D-01   1.344382023270925D-01   2.575779969334854D-04
 1.2000E+02   1.227302590814648D-01   1.227331846910805D-01   1.225165914228144D-01   2.165932682660890D-04
 1.2700E+02   1.085638903273651D-01   1.085659613688212D-01   1.083939799933667D-01   1.719813754545380D-04
 1.3300E+02   9.838220365275675D-02   9.838376715265122D-02   9.824120103815787D-02   1.425661144933562D-04
 1.4100E+02   8.702000512903170D-02   8.702110083765562D-02   8.690862869619276D-02   1.124721414628545D-04
 1.4500E+02   8.212561112817447D-02   8.212653543463745D-02   8.202612346675922D-02   1.004119678782153D-04
 1.5000E+02   7.661317448126331D-02   7.661392661390008D-02   7.652640497978791D-02   8.752163411215173D-05
 1.5500E+02   7.169076303786250D-02   7.169137930967873D-02   7.161474033427946D-02   7.663897539926669D-05
 2.0000E+02   4.372816413885350D-02   4.372829608822148D-02   4.370087888730696D-02   2.741720091450536D-05
 2.5000E+02   2.829520968577358D-02   2.829524420029581D-02   2.828404771236665D-02   1.119648792915514D-05
 3.5000E+02   1.451261295249901D-02   1.451261752281521D-02   1.450971236560276D-02   2.905157212441310D-06
 4.5000E+02   8.725148332816419D-03   8.725149343552169D-03   8.724087653086082D-03   1.061690466085486D-06
 5.0000E+02   7.025269966317253D-03   7.025270503081582D-03   7.024574347403866D-03   6.961556777166874D-07
 6.0000E+02   4.913005579778660D-03   4.913005759315181D-03   4.912670354988715D-03   3.354043264664557D-07
 8.0000E+02   2.842881529245262D-03   2.842881561177877D-03   2.842775526227345D-03   1.060349505330301D-07
 1.0000E+03   1.881642378503072D-03   1.881642386870496D-03   1.881598979467534D-03   4.340740296320365D-08
 1.3000E+03   1.167857715472173D-03   1.167857717205189D-03   1.167842527224559D-03   1.518998063068210D-08
 1.5000E+03   9.028860917310221D-04   9.028860924650946D-04   9.028775252459589D-04   8.567219135656638D-09
 2.0000E+03   5.401279490162826D-04   5.401279491467332D-04   5.401252399454881D-04   2.709201245187344D-09
 2.6000E+03   3.389002861248920D-04   3.389002861517514D-04   3.388993380544790D-04   9.480972723856144D-10
 3.0000E+03   2.632604418057502D-04   2.632604418170562D-04   2.632599070353170D-04   5.347817392619085D-10
 5.7000E+03   8.676558768559364D-05   8.676558768580237D-05   8.676554670780599D-05   4.097799637471557D-11
 9.6000E+03   3.540814550463587D-05   3.540814550463843D-05   3.540814042006750D-05   5.084570926674387D-12
 3.0000E+04   4.875904870775139D-06   4.875904870775139D-06   4.875904819629996D-06   5.114514414664391D-14
 1.0000E+05   6.274861654346157D-07   6.274861654346157D-07   6.274861651713301D-07   2.632854845112915D-16
