  10000.000          0.118537E-02
   9772.372          0.118933E-02
   9549.926          0.119557E-02
   9332.543          0.120683E-02
   9120.108          0.122191E-02
   8912.509          0.124106E-02
   8709.636          0.126450E-02
   8511.380          0.129243E-02
   8317.638          0.132506E-02
   8128.305          0.136259E-02
   7943.282          0.140522E-02
   7762.471          0.145320E-02
   7585.776          0.150676E-02
   7413.102          0.156617E-02
   7244.360          0.163172E-02
   7079.458          0.170372E-02
   6918.310          0.178252E-02
   6760.830          0.186848E-02
   6606.934          0.196202E-02
   6456.542          0.206356E-02
   6309.573          0.217359E-02
   6165.950          0.229260E-02
   6025.596          0.242115E-02
   5888.437          0.255982E-02
   5754.399          0.270925E-02
   5623.413          0.287929E-02
   5495.409          0.306948E-02
   5370.318          0.327465E-02
   5248.075          0.349574E-02
   5128.614          0.373377E-02
   5011.872          0.398981E-02
   4897.788          0.426497E-02
   4786.301          0.456041E-02
   4677.351          0.487735E-02
   4570.882          0.521704E-02
   4466.836          0.558077E-02
   4365.158          0.596988E-02
   4265.795          0.638572E-02
   4168.694          0.682967E-02
   4073.803          0.730312E-02
   3981.072          0.780746E-02
   3890.451          0.834408E-02
   3801.894          0.891433E-02
   3715.352          0.951953E-02
   3630.781          0.101610E-01
   3548.134          0.108398E-01
   3467.369          0.115572E-01
   3388.442          0.123140E-01
   3311.311          0.131112E-01
   3235.937          0.139496E-01
   3162.278          0.148295E-01
   3090.295          0.157513E-01
   3019.952          0.167152E-01
   2951.209          0.177051E-01
   2884.032          0.187290E-01
   2818.383          0.197928E-01
   2754.229          0.208958E-01
   2691.535          0.220373E-01
   2630.268          0.232163E-01
   2570.396          0.244618E-01
   2511.886          0.257768E-01
   2454.709          0.271304E-01
   2398.833          0.285206E-01
   2344.229          0.299449E-01
   2290.868          0.314009E-01
   2238.721          0.328857E-01
   2187.762          0.343962E-01
   2137.962          0.359292E-01
   2089.296          0.374814E-01
   2041.738          0.390494E-01
   1995.262          0.406242E-01
   1949.845          0.421544E-01
   1905.461          0.436791E-01
   1862.087          0.451945E-01
   1819.701          0.466970E-01
   1778.279          0.481833E-01
   1737.801          0.496503E-01
   1698.244          0.510955E-01
   1659.587          0.525162E-01
   1621.810          0.539106E-01
   1584.893          0.552766E-01
   1548.817          0.566131E-01
   1513.561          0.579188E-01
   1479.108          0.592168E-01
   1445.440          0.605053E-01
   1412.538          0.617706E-01
   1380.384          0.630128E-01
   1348.963          0.642322E-01
   1318.257          0.654292E-01
   1288.250          0.666701E-01
   1258.925          0.679931E-01
   1230.269          0.692987E-01
   1202.264          0.705875E-01
   1174.898          0.718599E-01
   1148.154          0.731166E-01
   1122.018          0.743585E-01
   1096.478          0.755864E-01
   1071.519          0.768013E-01
   1047.129          0.780041E-01
   1023.293          0.791961E-01
   1000.000          0.803782E-01
    977.237          0.816590E-01
    954.993          0.829250E-01
    933.254          0.841773E-01
    912.011          0.854172E-01
    891.251          0.866458E-01
    870.964          0.878644E-01
    851.138          0.890743E-01
    831.764          0.902769E-01
    812.831          0.914735E-01
    794.328          0.926678E-01
    776.247          0.938589E-01
    758.578          0.950401E-01
    741.310          0.962130E-01
    724.436          0.973794E-01
    707.946          0.985408E-01
    691.831          0.996990E-01
    676.083          0.100855E+00
    660.693          0.102012E+00
    645.654          0.103169E+00
    630.957          0.104330E+00
    616.595          0.105495E+00
    602.560          0.106665E+00
    588.844          0.107856E+00
    575.440          0.109058E+00
    562.341          0.110269E+00
    549.541          0.111491E+00
    537.032          0.112726E+00
    524.807          0.113975E+00
    512.861          0.115239E+00
    501.187          0.116519E+00
    489.779          0.118085E+00
    478.630          0.119707E+00
    467.735          0.121358E+00
    457.088          0.123039E+00
    446.684          0.124724E+00
    436.516          0.126382E+00
    426.580          0.128074E+00
    416.869          0.129802E+00
    407.380          0.131566E+00
    398.107          0.133369E+00
    389.045          0.135211E+00
    380.189          0.137094E+00
    371.535          0.139018E+00
    363.078          0.140987E+00
    354.813          0.142999E+00
    346.737          0.145282E+00
    338.844          0.147951E+00
    331.131          0.150686E+00
    323.594          0.153490E+00
    316.228          0.156364E+00
    309.030          0.159309E+00
    301.995          0.162327E+00
    295.121          0.165420E+00
    288.403          0.168589E+00
    281.838          0.171835E+00
    275.423          0.175161E+00
    269.153          0.178569E+00
    263.027          0.182059E+00
    257.040          0.185634E+00
    251.189          0.189296E+00
    245.471          0.196688E+00
    239.883          0.205206E+00
    234.423          0.213918E+00
    229.087          0.222831E+00
    223.872          0.231949E+00
    218.776          0.241277E+00
    213.796          0.250819E+00
    208.930          0.260581E+00
    204.174          0.270567E+00
    199.526          0.281473E+00
    194.984          0.298718E+00
    190.546          0.316410E+00
    186.209          0.334560E+00
    181.970          0.353178E+00
    177.828          0.372274E+00
    173.780          0.391861E+00
    169.824          0.411949E+00
    165.959          0.432549E+00
    162.181          0.453675E+00
    158.489          0.475337E+00
    154.882          0.494954E+00
    151.356          0.438300E+00
    147.911          0.351992E+00
    144.544          0.263333E+00
    141.254          0.281738E+00
    138.038          0.301275E+00
    134.896          0.321214E+00
    131.826          0.378061E+00
    128.825          0.495612E+00
    125.893          0.536300E+00
    123.027          0.445857E+00
    120.226          0.353032E+00
    117.490          0.380733E+00
    114.815          0.423292E+00
    112.202          0.514801E+00
    109.648          0.577914E+00
    107.152          0.449172E+00
    104.713          0.440985E+00
    102.329          0.542141E+00
    100.000          0.644715E+00
     97.724          0.696021E+00
     95.499          0.748442E+00
     93.325          0.802008E+00
     91.201          0.856748E+00
     89.125          0.912691E+00
     87.096          0.969868E+00
     85.114          0.102831E+01
     83.176          0.121902E+01
     81.283          0.142251E+01
     79.433          0.163087E+01
     77.625          0.184420E+01
     75.858          0.206256E+01
     74.131          0.228606E+01
     72.444          0.251479E+01
     70.795          0.274885E+01
     69.183          0.293555E+01
     67.608          0.307559E+01
     66.069          0.321934E+01
     64.565          0.336689E+01
     63.096          0.351833E+01
     61.660          0.367375E+01
     60.256          0.383325E+01
     58.884          0.409995E+01
     57.544          0.439719E+01
     56.234          0.470202E+01
     54.954          0.501458E+01
     53.703          0.533501E+01
     52.481          0.566347E+01
     51.286          0.600010E+01
     50.119          0.634506E+01
     48.978          0.683297E+01
     47.863          0.735602E+01
     46.774          0.790034E+01
     45.709          0.846693E+01
     44.668          0.864098E+01
     43.652          0.875429E+01
     42.658          0.846372E+01
     41.687          0.806043E+01
     40.738          0.782344E+01
     39.811          0.761913E+01
     38.905          0.766636E+01
     38.019          0.730800E+01
     37.154          0.656389E+01
     36.308          0.594380E+01
     35.481          0.562665E+01
     34.674          0.546966E+01
     33.884          0.528108E+01
     33.113          0.509166E+01
     32.359          0.472078E+01
     31.623          0.434686E+01
     30.903          0.422041E+01
     30.200          0.414559E+01
     29.512          0.407181E+01
     28.840          0.415054E+01
     28.184          0.423111E+01
     27.542          0.431101E+01
     26.915          0.443483E+01
     26.303          0.451753E+01
     25.704          0.450411E+01
     25.119          0.448805E+01
     24.547          0.458058E+01
     23.988          0.470553E+01
     23.442          0.483484E+01
     22.909          0.499535E+01
     22.387          0.528992E+01
     21.878          0.559124E+01
     21.380          0.589950E+01
     20.893          0.627394E+01
     20.417          0.686509E+01
     19.953          0.750398E+01
     19.498          0.847741E+01
     19.055          0.947638E+01
     18.621          0.100041E+02
     18.197          0.104706E+02
     17.783          0.110439E+02
     17.378          0.117182E+02
     16.982          0.124071E+02
     16.596          0.131111E+02
     16.218          0.138675E+02
     15.849          0.146571E+02
     15.488          0.154687E+02
     15.136          0.163032E+02
     14.791          0.176291E+02
     14.454          0.192950E+02
     14.125          0.210035E+02
     13.804          0.227535E+02
     13.490          0.245281E+02
     13.183          0.258885E+02
     12.882          0.272794E+02
     12.589          0.282909E+02
     12.303          0.287115E+02
     12.023          0.292584E+02
     11.749          0.281267E+02
     11.482          0.267754E+02
     11.220          0.237264E+02
     10.965          0.194405E+02
     10.715          0.145913E+02
     10.471          0.101745E+02
     10.233          0.877856E+01
     10.000          0.749949E+01
      9.772          0.773591E+01
      9.550          0.759406E+01
      9.333          0.733184E+01
      9.120          0.664898E+01
      8.913          0.599316E+01
      8.710          0.548010E+01
      8.511          0.525661E+01
      8.318          0.505130E+01
      8.128          0.508173E+01
      7.943          0.524560E+01
      7.762          0.541658E+01
      7.586          0.559504E+01
      7.413          0.607766E+01
      7.244          0.664978E+01
      7.079          0.723490E+01
      6.918          0.783389E+01
      6.761          0.844609E+01
      6.607          0.911315E+01
      6.457          0.980463E+01
      6.310          0.105168E+02
      6.166          0.112505E+02
      6.026          0.120079E+02
      5.888          0.124811E+02
      5.754          0.964118E+01
      5.623          0.673840E+01
      5.495          0.567094E+01
      5.370          0.501389E+01
      5.248          0.468133E+01
      5.129          0.477730E+01
      5.012          0.487924E+01
      4.898          0.521414E+01
      4.786          0.563307E+01
      4.677          0.647647E+01
      4.571          0.734482E+01
      4.467          0.769647E+01
      4.365          0.756137E+01
      4.266          0.742656E+01
      4.169          0.728375E+01
      4.074          0.715660E+01
      3.981          0.708370E+01
      3.890          0.725353E+01
      3.802          0.745422E+01
      3.715          0.779436E+01
      3.631          0.837677E+01
      3.548          0.898569E+01
      3.467          0.104558E+02
      3.388          0.132256E+02
      3.311          0.274560E+02
      3.236          0.534581E+02
      3.162          0.798230E+02
      3.090          0.101930E+03
      3.020          0.975026E+02
      2.951          0.948314E+02
      2.884          0.875552E+02
      2.818          0.557243E+02
      2.754          0.207371E+02
      2.692          0.173099E+02
      2.630          0.163240E+02
      2.570          0.154165E+02
      2.512          0.145683E+02
      2.455          0.152692E+02
      2.399          0.163685E+02
      2.344          0.174382E+02
      2.291          0.182329E+02
      2.239          0.211992E+02
      2.188          0.256683E+02
      2.138          0.296008E+02
      2.089          0.318296E+02
      2.042          0.342122E+02
      1.995          0.367820E+02
      1.950          0.397837E+02
      1.905          0.429504E+02
      1.862          0.455016E+02
      1.820          0.480411E+02
      1.778          0.497300E+02
      1.738          0.505497E+02
      1.698          0.513122E+02
      1.660          0.520153E+02
      1.622          0.520369E+02
      1.585          0.518130E+02
      1.549          0.515507E+02
      1.514          0.513151E+02
      1.479          0.511338E+02
      1.445          0.509475E+02
      1.413          0.507538E+02
      1.380          0.509672E+02
      1.349          0.514390E+02
      1.318          0.516455E+02
      1.288          0.521734E+02
      1.259          0.532028E+02
      1.230          0.542531E+02
      1.202          0.553252E+02
      1.175          0.564180E+02
      1.148          0.575541E+02
      1.122          0.589630E+02
      1.096          0.603996E+02
      1.072          0.618686E+02
      1.047          0.633687E+02
      1.023          0.649001E+02
      1.000          0.664601E+02
      0.977          0.678583E+02
      0.955          0.692819E+02
      0.933          0.707300E+02
      0.912          0.722041E+02
      0.891          0.737066E+02
      0.871          0.752343E+02
      0.851          0.767916E+02
      0.832          0.774028E+02
      0.813          0.779601E+02
      0.794          0.785261E+02
      0.776          0.790987E+02
      0.759          0.796807E+02
      0.741          0.802685E+02
      0.724          0.808653E+02
      0.708          0.814741E+02
      0.692          0.820925E+02
      0.676          0.827263E+02
      0.661          0.833781E+02
      0.646          0.842960E+02
      0.631          0.858579E+02
      0.617          0.874565E+02
      0.603          0.890846E+02
      0.589          0.907233E+02
      0.575          0.924483E+02
      0.562          0.943591E+02
      0.550          0.964382E+02
      0.537          0.985612E+02
      0.525          0.100782E+03
      0.513          0.103110E+03
      0.501          0.105496E+03
      0.490          0.107928E+03
      0.479          0.110406E+03
      0.468          0.112940E+03
      0.457          0.115528E+03
      0.447          0.118669E+03
      0.437          0.122966E+03
      0.427          0.127339E+03
      0.417          0.131803E+03
      0.407          0.136370E+03
      0.398          0.141228E+03
      0.389          0.147001E+03
      0.380          0.152890E+03
      0.372          0.158897E+03
      0.363          0.165029E+03
      0.355          0.171289E+03
      0.347          0.179119E+03
      0.339          0.189233E+03
      0.331          0.199577E+03
      0.324          0.210162E+03
      0.316          0.220317E+03
      0.309          0.227552E+03
      0.302          0.234967E+03
      0.295          0.243831E+03
      0.288          0.253443E+03
      0.282          0.263296E+03
      0.275          0.273334E+03
      0.269          0.283620E+03
      0.263          0.294177E+03
      0.257          0.304919E+03
      0.251          0.315935E+03
      0.245          0.327931E+03
      0.240          0.340324E+03
      0.234          0.353038E+03
      0.229          0.366086E+03
      0.224          0.379412E+03
      0.219          0.391529E+03
      0.214          0.399244E+03
      0.209          0.407071E+03
      0.204          0.415095E+03
      0.200          0.422369E+03
      0.195          0.420973E+03
      0.191          0.419502E+03
      0.186          0.418059E+03
      0.182          0.416620E+03
      0.178          0.415027E+03
      0.174          0.446647E+03
      0.170          0.554388E+03
      0.166          0.663162E+03
      0.162          0.773147E+03
      0.158          0.884520E+03
      0.155          0.999784E+03
      0.151          0.119010E+04
      0.148          0.138781E+04
      0.145          0.159342E+04
      0.141          0.180744E+04
      0.138          0.187847E+04
      0.135          0.185239E+04
      0.132          0.182266E+04
      0.129          0.178928E+04
      0.126          0.175227E+04
      0.123          0.183139E+04
      0.120          0.196734E+04
      0.117          0.210776E+04
      0.115          0.225257E+04
      0.112          0.240167E+04
      0.110          0.255496E+04
      0.107          0.271230E+04
      0.105          0.287338E+04
      0.102          0.303668E+04
      0.100          0.320313E+04
