 1.0000E-01   5.939260675204289D+01   1.369847646964085D+02   3.682518463175927D+01   1.001595800646491D+02
 1.0500E-01   5.915455722118869D+01   1.314789635548283D+02   3.783845251169993D+01   9.364051104312847D+01
 1.2500E-01   6.003451383684562D+01   1.159365181675448D+02   4.307723256727777D+01   7.285928560026703D+01
 1.4000E-01   6.228095229788795D+01   1.091310145421450D+02   4.797156855132242D+01   6.115944599082254D+01
 1.5500E-01   6.579871610102468D+01   1.055305159338205D+02   5.360883418420448D+01   5.192168174961603D+01
 1.7500E-01   7.219587202797914D+01   1.046552116866946D+02   6.213431749445502D+01   4.252089419223962D+01
 2.0000E-01   8.237392567908796D+01   1.091624192384739D+02   7.372183327409698D+01   3.544058596437696D+01
 2.2000E-01   8.392537299902779D+01   1.085275024315359D+02   7.543749168304065D+01   3.309001074849533D+01
 2.5000E-01   7.562020001784437D+01   9.798594590064664D+01   6.702580439861021D+01   3.096014150203641D+01
 3.0000E-01   5.935382664582382D+01   7.821167706588457D+01   5.089112088399678D+01   2.732055618188785D+01
 3.1750E-01   5.436110774894394D+01   7.216000514960984D+01   4.598749989909227D+01   2.617250525051756D+01
 3.5000E-01   4.578048895387526D+01   6.188030441314204D+01   3.762009100616340D+01   2.426021340697866D+01
 4.0000E-01   3.534063737520092D+01   4.922514848562947D+01   2.767561784292706D+01   2.154953064270241D+01
 4.5000E-01   2.828385807535952D+01   4.032022506894744D+01   2.113572441850467D+01   1.918450065044275D+01
 5.3000E-01   2.137701306072483D+01   3.125102406487206D+01   1.499879740091505D+01   1.625222666395700D+01
 5.7000E-01   1.916810722294021D+01   2.823477594216272D+01   1.318494166745657D+01   1.504983427470616D+01
 6.5000E-01   1.609939490243991D+01   2.387543665253089D+01   1.087682311559277D+01   1.299861353693811D+01
 7.3000E-01   1.423634506602477D+01   2.098709278683197D+01   9.683368531785053D+00   1.130372425504692D+01
 8.5000E-01   1.234940364476007D+01   1.764586621569768D+01   8.586515256666795D+00   9.059350959030883D+00
 1.0000E+00   1.091406923868175D+01   1.496463019441072D+01   7.842261507907595D+00   7.122368686503122D+00
 1.1500E+00   9.822582859525088D+00   1.310596085190313D+01   7.224438020839361D+00   5.881522831063775D+00
 1.3000E+00   8.804433384440095D+00   1.167557663569603D+01   6.422319153379275D+00   5.253257482316767D+00
 1.3500E+00   8.506497174885766D+00   1.134724499155682D+01   6.153582472192331D+00   5.193662519364485D+00
 1.4000E+00   8.279469603607813D+00   1.110317510958052D+01   5.918863849857088D+00   5.184311259723428D+00
 1.5300E+00   7.728390212043310D+00   1.052793328386499D+01   5.285215613907009D+00   5.242717669957979D+00
 1.6500E+00   7.259590616767623D+00   1.014775529455884D+01   4.670736815153206D+00   5.477018479405640D+00
 1.8000E+00   6.677021335039737D+00   9.867686238420504D+00   3.791565921565032D+00   6.076120316855474D+00
 1.9000E+00   6.378100169450657D+00   9.827162106607982D+00   3.232898391933585D+00   6.594263714674395D+00
 2.0000E+00   6.041605302908364D+00   9.650618303417822D+00   2.674524611350791D+00   6.976093692067031D+00
 2.1500E+00   5.666777457269136D+00   9.425796783906604D+00   1.950607613924118D+00   7.475189169982484D+00
 2.2700E+00   5.416048401629440D+00   9.290770818331660D+00   1.332083894728814D+00   7.958686923602842D+00
 2.3500E+00   5.312745980262287D+00   9.290125028174348D+00   1.154741481016221D+00   8.135383547158126D+00
 2.5000E+00   5.149255896872400D+00   9.242505838608661D+00   8.666141283240640D-01   8.375891710284595D+00
 2.7500E+00   4.926259516146176D+00   9.164565910013197D+00   6.513181196932479D-01   8.513247790319946D+00
 2.9000E+00   4.680893275801199D+00   8.853691590199981D+00   5.550703128567201D-01   8.298621277343260D+00
 3.1000E+00   4.400709069117394D+00   8.382400094413033D+00   4.756835111750239D-01   7.906716583238009D+00
 3.3500E+00   4.048678626364296D+00   7.723163123573710D+00   4.046379303966169D-01   7.318525193177097D+00
 3.5000E+00   3.879808578012535D+00   7.367557661681832D+00   3.771017673321169D-01   6.990455894349711D+00
 3.7500E+00   3.541099862236803D+00   6.704606180169744D+00   3.264989564880656D-01   6.378107223681679D+00
 4.0000E+00   3.213699893527351D+00   6.060984152800937D+00   2.855941995429402D-01   5.775389953257998D+00
 4.5200E+00   2.613456782811557D+00   4.843960142188172D+00   2.304982683023222D-01   4.613461873885851D+00
 4.8000E+00   2.348210078220398D+00   4.291076479138722D+00   2.166801355093509D-01   4.074396343629371D+00
 5.0000E+00   2.166837787893420D+00   3.932383487368622D+00   2.087852764500479D-01   3.723598210918574D+00
 5.3000E+00   1.924841867808298D+00   3.442626337061233D+00   2.014930574565079D-01   3.241133279604726D+00
 5.6000E+00   1.708235870446815D+00   3.014822396109793D+00   1.914534972834428D-01   2.823368898826351D+00
 5.9000E+00   1.515017619207619D+00   2.643983107649148D+00   1.785060706568113D-01   2.465477036992337D+00
 6.7500E+00   1.038168919044774D+00   1.778687744333696D+00   1.526929422413524D-01   1.625994802092344D+00
 7.5500E+00   7.162562983465024D-01   1.190584194017590D+00   1.624240882830158D-01   1.028160105734575D+00
 8.2500E+00   6.927331936501003D-01   8.988566915112416D-01   4.620303068143717D-01   4.368263846968701D-01
 8.7000E+00   2.078650495713934D+00   2.156015028790363D+00   1.978771907013896D+00   1.772431217764646D-01
 9.0000E+00   3.800412659016411D+00   3.837647454428625D+00   3.740963338993301D+00   9.668411543532644D-02
 9.3000E+00   8.716063131547832D+00   8.798969073488029D+00   8.524446844999369D+00   2.745222284886545D-01
 9.7500E+00   1.033145476956485D+01   1.046099461342551D+01   9.969452221331331D+00   4.915423920941797D-01
 1.0000E+01   1.019055781874233D+01   1.033371299845858D+01   9.762757945208021D+00   5.709550532505626D-01
 1.0500E+01   8.512402447655179D+00   8.670350726458455D+00   8.023793443011634D+00   6.465572834468252D-01
 1.1000E+01   6.656455158706430D+00   6.820088219935545D+00   6.175328617297008D+00   6.447596026385382D-01
 1.1400E+01   5.281870091439663D+00   5.451324293611498D+00   4.822316017080286D+00   6.290082765312119D-01
 1.2000E+01   3.253846442751555D+00   3.435002994384356D+00   2.855552935704323D+00   5.794500586800333D-01
 1.2700E+01   1.867746370501592D+00   2.027160082423750D+00   1.571470912899059D+00   4.556891695246908D-01
 1.3500E+01   1.868787914947385D+00   1.962527021131802D+00   1.688540713218647D+00   2.739863079131543D-01
 1.5000E+01   2.842342172522720D+00   2.872968145170421D+00   2.762879072961147D+00   1.100890722092739D-01
 1.6500E+01   6.044810346969586D+00   6.072613489646130D+00   5.923520121990014D+00   1.490933676561152D-01
 1.8000E+01   5.953429264788365D+00   5.985034798185279D+00   5.777385102518092D+00   2.076496956671838D-01
 1.9000E+01   5.090469744651024D+00   5.119780699423772D+00   4.919234419572343D+00   2.005462798514287D-01
 2.0000E+01   4.428187724484788D+00   4.454441712576929D+00   4.269550673736796D+00   1.848910388401303D-01
 2.1000E+01   3.923460992536518D+00   3.946633879928677D+00   3.779843859117058D+00   1.667900208116178D-01
 2.3000E+01   3.298257873555398D+00   3.315916274940600D+00   3.177970607866198D+00   1.379456670744034D-01
 2.5000E+01   2.771432485433169D+00   2.785110141646519D+00   2.668135086397522D+00   1.169750552489969D-01
 2.6500E+01   2.378452921377679D+00   2.390049411332462D+00   2.288182310666821D+00   1.018671006656408D-01
 2.7500E+01   2.155914093948091D+00   2.166362928963852D+00   2.074001546795388D+00   9.236138216846304D-02
 2.9500E+01   1.762980169770789D+00   1.771674031402703D+00   1.695848645495735D+00   7.582538590696802D-02
 3.1500E+01   1.437426558399157D+00   1.444916192504702D+00   1.384159590348400D+00   6.075660215630257D-02
 3.3100E+01   1.279708036777883D+00   1.286098326468688D+00   1.235043504812010D+00   5.105482165667756D-02
 3.4500E+01   1.128692918265044D+00   1.134411586246299D+00   1.090474271920307D+00   4.393731432599286D-02
 3.6000E+01   9.923984735827487D-01   9.974228177962023D-01   9.605365430700101D-01   3.688627472619219D-02
 3.7000E+01   9.403823819399959D-01   9.448122256422240D-01   9.122629387644404D-01   3.254928687778381D-02
 3.8500E+01   8.869610293272829D-01   8.906612313553111D-01   8.625109829998356D-01   2.815024835547550D-02
 4.0000E+01   7.650966090947023D-01   7.683731801030534D-01   7.444076277671267D-01   2.396555233592618D-02
 4.2000E+01   6.788430524700435D-01   6.813439612188705D-01   6.623251306296710D-01   1.901883058919951D-02
 4.3350E+01   6.504695298107855D-01   6.525361098946582D-01   6.359629373959848D-01   1.657317249867361D-02
 4.5540E+01   5.817339490947829D-01   5.833062561260889D-01   5.698934883282243D-01   1.341276779786468D-02
 5.0000E+01   4.775461171897387D-01   4.784419823671681D-01   4.694985135292470D-01   8.943468837920738D-03
 6.0000E+01   3.033165303107634D-01   3.036070133021304D-01   2.995216454984097D-01   4.085367803720725D-03
 7.0000E+01   2.158256771908323D-01   2.159331113497210D-01   2.138214740924903D-01   2.111637257230888D-03
 8.5000E+01   1.467484465803154D-01   1.467801425142066D-01   1.458410894908298D-01   9.390530233767409D-04
 1.0000E+02   1.068633104030146D-01   1.068749151414122D-01   1.063937669591444D-01   4.811481822677562D-04
 1.0600E+02   9.543791646820249D-02   9.544603010963242D-02   9.506691853440179D-02   3.791115752306132D-04
 1.1000E+02   8.884802113727154D-02   8.885448586014638D-02   8.852859913812394D-02   3.258867220225296D-04
 1.1500E+02   8.156782773875516D-02   8.157275221514158D-02   8.130088745367889D-02   2.718647614626411D-04
 1.2000E+02   7.520926776780550D-02   7.521306412714718D-02   7.498445126414982D-02   2.286128629973309D-04
 1.2700E+02   6.760068128277412D-02   6.760336643510967D-02   6.742182840242594D-02   1.815380326837282D-04
 1.3300E+02   6.208436021411173D-02   6.208638635905112D-02   6.193588102799804D-02   1.505053310531014D-04
 1.4100E+02   5.590273811169962D-02   5.590415743461639D-02   5.578540085630937D-02   1.187565783070296D-04
 1.4500E+02   5.324312082726611D-02   5.324431796163614D-02   5.313828475897244D-02   1.060332026637117D-04
 1.5000E+02   5.025505812958764D-02   5.025603219611955D-02   5.016359726591563D-02   9.243493020391180D-05
 1.5500E+02   4.759693673166393D-02   4.759773487202309D-02   4.751677936615022D-02   8.095550587286820D-05
 2.0000E+02   3.247273372999892D-02   3.247290499293359D-02   3.244388893255470D-02   2.901606037887905D-05
 2.5000E+02   2.338231787844477D-02   2.338236284532941D-02   2.337048882649494D-02   1.187401883447160D-05
 3.5000E+02   1.482013639236680D-02   1.482014241116571D-02   1.481704624230055D-02   3.096168865163874D-06
 4.5000E+02   1.065392638521310D-02   1.065392773335554D-02   1.065279019255660D-02   1.137540798937593D-06
 5.0000E+02   9.239514307280544D-03   9.239515027668243D-03   9.238767264138852D-03   7.477635293918463D-07
 6.0000E+02   7.233294364479977D-03   7.233294608113497D-03   7.232932739715176D-03   3.618683983255502D-07
 8.0000E+02   4.782230560595721D-03   4.782230604678363D-03   4.782115431776158D-03   1.151729022057877D-07
 1.0000E+03   3.387524933376253D-03   3.387524945064019D-03   3.387477580866787D-03   4.736419723084110D-08
 1.3000E+03   2.210216188723876D-03   2.210216191173714D-03   2.210199539354550D-03   1.665181916407498D-08
 1.5000E+03   1.724667922586628D-03   1.724667923630729D-03   1.724658509967299D-03   9.413663431021294D-09
 2.0000E+03   9.659351737296068D-04   9.659351739169739D-04   9.659321858386248D-04   2.988078349154303D-09
 2.6000E+03   5.278270430783323D-04   5.278270431171639D-04   5.278259958251086D-04   1.047292055393581D-09
 3.0000E+03   3.745804239135180D-04   3.745804239299211D-04   3.745798329579589D-04   5.909719621757317D-10
 5.7000E+03   6.986579422428888D-05   6.986579422461047D-05   6.986574893875164D-05   4.528585883571988D-11
 9.6000E+03   1.934257133701561D-05   1.934257133702211D-05   1.934256571730067D-05   5.619721430959036D-12
 3.0000E+04   1.543065421386453D-06   1.543065421386453D-06   1.543065364510915D-06   5.687553797854724D-14
 1.0000E+05   1.934568260510336D-07   1.934568260510336D-07   1.934568257349607D-07   3.160729332295977D-16
