  10000.000          0.250808E-01
   9772.372          0.262537E-01
   9549.926          0.274394E-01
   9332.543          0.285990E-01
   9120.108          0.297683E-01
   8912.509          0.309517E-01
   8709.636          0.321569E-01
   8511.380          0.333955E-01
   8317.638          0.346813E-01
   8128.305          0.360301E-01
   7943.282          0.374580E-01
   7762.471          0.389809E-01
   7585.776          0.406133E-01
   7413.102          0.423678E-01
   7244.360          0.442541E-01
   7079.458          0.462789E-01
   6918.310          0.484455E-01
   6760.830          0.507531E-01
   6606.934          0.531975E-01
   6456.542          0.557701E-01
   6309.573          0.584593E-01
   6165.950          0.612499E-01
   6025.596          0.641247E-01
   5888.437          0.670648E-01
   5754.399          0.700512E-01
   5623.413          0.730259E-01
   5495.409          0.759583E-01
   5370.318          0.788597E-01
   5248.075          0.817266E-01
   5128.614          0.845624E-01
   5011.872          0.873767E-01
   4897.788          0.901837E-01
   4786.301          0.930015E-01
   4677.351          0.958500E-01
   4570.882          0.987496E-01
   4466.836          0.101720E+00
   4365.158          0.104777E+00
   4265.795          0.107936E+00
   4168.694          0.111206E+00
   4073.803          0.114592E+00
   3981.072          0.118094E+00
   3890.451          0.121707E+00
   3801.894          0.125421E+00
   3715.352          0.129223E+00
   3630.781          0.133094E+00
   3548.134          0.137012E+00
   3467.369          0.140953E+00
   3388.442          0.144890E+00
   3311.311          0.148795E+00
   3235.937          0.152641E+00
   3162.278          0.156399E+00
   3090.295          0.160045E+00
   3019.952          0.163553E+00
   2951.209          0.166988E+00
   2884.032          0.170307E+00
   2818.383          0.173470E+00
   2754.229          0.176466E+00
   2691.535          0.179288E+00
   2630.268          0.181932E+00
   2570.396          0.184431E+00
   2511.886          0.186764E+00
   2454.709          0.188894E+00
   2398.833          0.190823E+00
   2344.229          0.192559E+00
   2290.868          0.194108E+00
   2238.721          0.195482E+00
   2187.762          0.196689E+00
   2137.962          0.197742E+00
   2089.296          0.198653E+00
   2041.738          0.199433E+00
   1995.262          0.200040E+00
   1949.845          0.200060E+00
   1905.461          0.199984E+00
   1862.087          0.199827E+00
   1819.701          0.199601E+00
   1778.279          0.199319E+00
   1737.801          0.198990E+00
   1698.244          0.198626E+00
   1659.587          0.198235E+00
   1621.810          0.197826E+00
   1584.893          0.197406E+00
   1548.817          0.196981E+00
   1513.561          0.196558E+00
   1479.108          0.196399E+00
   1445.440          0.196420E+00
   1412.538          0.196459E+00
   1380.384          0.196518E+00
   1348.963          0.196600E+00
   1318.257          0.196708E+00
   1288.250          0.196895E+00
   1258.925          0.197181E+00
   1230.269          0.197488E+00
   1202.264          0.197819E+00
   1174.898          0.198175E+00
   1148.154          0.198559E+00
   1122.018          0.198972E+00
   1096.478          0.199416E+00
   1071.519          0.199892E+00
   1047.129          0.200403E+00
   1023.293          0.200948E+00
   1000.000          0.201529E+00
    977.237          0.201853E+00
    954.993          0.202206E+00
    933.254          0.202590E+00
    912.011          0.203005E+00
    891.251          0.203454E+00
    870.964          0.203937E+00
    851.138          0.204456E+00
    831.764          0.205011E+00
    812.831          0.205604E+00
    794.328          0.206096E+00
    776.247          0.206316E+00
    758.578          0.206573E+00
    741.310          0.206868E+00
    724.436          0.207203E+00
    707.946          0.207576E+00
    691.831          0.207990E+00
    676.083          0.208445E+00
    660.693          0.208940E+00
    645.654          0.209478E+00
    630.957          0.210058E+00
    616.595          0.210681E+00
    602.560          0.211348E+00
    588.844          0.211803E+00
    575.440          0.212246E+00
    562.341          0.212736E+00
    549.541          0.213274E+00
    537.032          0.213859E+00
    524.807          0.214491E+00
    512.861          0.215172E+00
    501.187          0.215901E+00
    489.779          0.216682E+00
    478.630          0.217516E+00
    467.735          0.218403E+00
    457.088          0.219344E+00
    446.684          0.220263E+00
    436.516          0.221074E+00
    426.580          0.221941E+00
    416.869          0.222862E+00
    407.380          0.223839E+00
    398.107          0.224872E+00
    389.045          0.225961E+00
    380.189          0.227106E+00
    371.535          0.228308E+00
    363.078          0.229566E+00
    354.813          0.230882E+00
    346.737          0.232448E+00
    338.844          0.234360E+00
    331.131          0.236340E+00
    323.594          0.238390E+00
    316.228          0.240510E+00
    309.030          0.242700E+00
    301.995          0.244963E+00
    295.121          0.247298E+00
    288.403          0.249707E+00
    281.838          0.252190E+00
    275.423          0.254749E+00
    269.153          0.257385E+00
    263.027          0.260099E+00
    257.040          0.262892E+00
    251.189          0.265765E+00
    245.471          0.271024E+00
    239.883          0.277026E+00
    234.423          0.283184E+00
    229.087          0.289501E+00
    223.872          0.295981E+00
    218.776          0.302626E+00
    213.796          0.309440E+00
    208.930          0.316426E+00
    204.174          0.323589E+00
    199.526          0.331504E+00
    194.984          0.344673E+00
    190.546          0.358202E+00
    186.209          0.372100E+00
    181.970          0.386373E+00
    177.828          0.401031E+00
    173.780          0.416083E+00
    169.824          0.431537E+00
    165.959          0.447402E+00
    162.181          0.463689E+00
    158.489          0.480405E+00
    154.882          0.495908E+00
    151.356          0.462603E+00
    147.911          0.407133E+00
    144.544          0.349098E+00
    141.254          0.360256E+00
    138.038          0.372912E+00
    134.896          0.385877E+00
    131.826          0.423487E+00
    128.825          0.501950E+00
    125.893          0.531723E+00
    123.027          0.477528E+00
    120.226          0.421545E+00
    117.490          0.438825E+00
    114.815          0.465334E+00
    112.202          0.527620E+00
    109.648          0.572037E+00
    107.152          0.493082E+00
    104.713          0.489322E+00
    102.329          0.552646E+00
    100.000          0.615837E+00
     97.724          0.651700E+00
     95.499          0.688229E+00
     93.325          0.725447E+00
     91.201          0.763374E+00
     89.125          0.802034E+00
     87.096          0.841448E+00
     85.114          0.881641E+00
     83.176          0.100715E+01
     81.283          0.114088E+01
     79.433          0.127772E+01
     77.625          0.141770E+01
     75.858          0.156087E+01
     74.131          0.170725E+01
     72.444          0.185691E+01
     70.795          0.200989E+01
     69.183          0.214131E+01
     67.608          0.225201E+01
     66.069          0.236599E+01
     64.565          0.248330E+01
     63.096          0.260403E+01
     61.660          0.272825E+01
     60.256          0.285603E+01
     58.884          0.306838E+01
     57.544          0.330549E+01
     56.234          0.354940E+01
     54.954          0.380022E+01
     53.703          0.405808E+01
     52.481          0.432309E+01
     51.286          0.459539E+01
     50.119          0.487510E+01
     48.978          0.533756E+01
     47.863          0.584960E+01
     46.774          0.639366E+01
     45.709          0.697122E+01
     44.668          0.743496E+01
     43.652          0.787637E+01
     42.658          0.769534E+01
     41.687          0.736455E+01
     40.738          0.734919E+01
     39.811          0.746376E+01
     38.905          0.805624E+01
     38.019          0.770994E+01
     37.154          0.666308E+01
     36.308          0.601776E+01
     35.481          0.587015E+01
     34.674          0.599106E+01
     33.884          0.602969E+01
     33.113          0.603792E+01
     32.359          0.558368E+01
     31.623          0.513344E+01
     30.903          0.503353E+01
     30.200          0.500472E+01
     29.512          0.497750E+01
     28.840          0.509447E+01
     28.184          0.521386E+01
     27.542          0.533309E+01
     26.915          0.548548E+01
     26.303          0.562040E+01
     25.704          0.571238E+01
     25.119          0.580257E+01
     24.547          0.592640E+01
     23.988          0.606114E+01
     23.442          0.619815E+01
     22.909          0.635711E+01
     22.387          0.661363E+01
     21.878          0.687530E+01
     21.380          0.714231E+01
     20.893          0.745230E+01
     20.417          0.790179E+01
     19.953          0.838964E+01
     19.498          0.914266E+01
     19.055          0.992356E+01
     18.621          0.102977E+02
     18.197          0.106305E+02
     17.783          0.110196E+02
     17.378          0.114525E+02
     16.982          0.118915E+02
     16.596          0.123316E+02
     16.218          0.127485E+02
     15.849          0.131575E+02
     15.488          0.135699E+02
     15.136          0.139890E+02
     14.791          0.148835E+02
     14.454          0.161107E+02
     14.125          0.173748E+02
     13.804          0.186738E+02
     13.490          0.200009E+02
     13.183          0.212325E+02
     12.882          0.225363E+02
     12.589          0.236838E+02
     12.303          0.245207E+02
     12.023          0.254330E+02
     11.749          0.252142E+02
     11.482          0.247913E+02
     11.220          0.230124E+02
     10.965          0.203228E+02
     10.715          0.171069E+02
     10.471          0.141311E+02
     10.233          0.130820E+02
     10.000          0.120002E+02
      9.772          0.116798E+02
      9.550          0.108548E+02
      9.333          0.101781E+02
      9.120          0.943063E+01
      8.913          0.873043E+01
      8.710          0.793435E+01
      8.511          0.721115E+01
      8.318          0.641041E+01
      8.128          0.599014E+01
      7.943          0.582710E+01
      7.762          0.569451E+01
      7.586          0.558543E+01
      7.413          0.594603E+01
      7.244          0.643455E+01
      7.079          0.693366E+01
      6.918          0.744403E+01
      6.761          0.796588E+01
      6.607          0.852162E+01
      6.457          0.909606E+01
      6.310          0.968787E+01
      6.166          0.102970E+02
      6.026          0.109237E+02
      5.888          0.113243E+02
      5.754          0.908240E+01
      5.623          0.679231E+01
      5.495          0.598784E+01
      5.370          0.551819E+01
      5.248          0.530564E+01
      5.129          0.544425E+01
      5.012          0.558460E+01
      4.898          0.590816E+01
      4.786          0.630510E+01
      4.677          0.702309E+01
      4.571          0.776179E+01
      4.467          0.810924E+01
      4.365          0.807990E+01
      4.266          0.805921E+01
      4.169          0.803515E+01
      4.074          0.801448E+01
      3.981          0.805916E+01
      3.890          0.831661E+01
      3.802          0.859085E+01
      3.715          0.899057E+01
      3.631          0.956858E+01
      3.548          0.101635E+02
      3.467          0.115252E+02
      3.388          0.140110E+02
      3.311          0.242497E+02
      3.236          0.427498E+02
      3.162          0.619190E+02
      3.090          0.788608E+02
      3.020          0.787360E+02
      2.951          0.784380E+02
      2.884          0.723354E+02
      2.818          0.469360E+02
      2.754          0.202362E+02
      2.692          0.184613E+02
      2.630          0.185906E+02
      2.570          0.187963E+02
      2.512          0.190668E+02
      2.455          0.209626E+02
      2.399          0.232995E+02
      2.344          0.256500E+02
      2.291          0.277874E+02
      2.239          0.350806E+02
      2.188          0.459394E+02
      2.138          0.552923E+02
      2.089          0.592222E+02
      2.042          0.632277E+02
      1.995          0.673563E+02
      1.950          0.724632E+02
      1.905          0.776200E+02
      1.862          0.803386E+02
      1.820          0.826279E+02
      1.778          0.833525E+02
      1.738          0.826507E+02
      1.698          0.818721E+02
      1.660          0.811244E+02
      1.622          0.798572E+02
      1.585          0.784879E+02
      1.549          0.769997E+02
      1.514          0.760765E+02
      1.479          0.755869E+02
      1.445          0.751257E+02
      1.413          0.747182E+02
      1.380          0.748133E+02
      1.349          0.753613E+02
      1.318          0.757924E+02
      1.288          0.766369E+02
      1.259          0.779354E+02
      1.230          0.792923E+02
      1.202          0.807050E+02
      1.175          0.821064E+02
      1.148          0.835513E+02
      1.122          0.851896E+02
      1.096          0.869554E+02
      1.072          0.887539E+02
      1.047          0.905554E+02
      1.023          0.925012E+02
      1.000          0.943855E+02
      0.977          0.957208E+02
      0.955          0.969254E+02
      0.933          0.985809E+02
      0.912          0.999856E+02
      0.891          0.101508E+03
      0.871          0.103101E+03
      0.851          0.104609E+03
      0.832          0.105040E+03
      0.813          0.105463E+03
      0.794          0.105768E+03
      0.776          0.106148E+03
      0.759          0.106545E+03
      0.741          0.106953E+03
      0.724          0.107490E+03
      0.708          0.108066E+03
      0.692          0.108714E+03
      0.676          0.109339E+03
      0.661          0.110014E+03
      0.646          0.111029E+03
      0.631          0.112864E+03
      0.617          0.114595E+03
      0.603          0.116400E+03
      0.589          0.118351E+03
      0.575          0.120209E+03
      0.562          0.122436E+03
      0.550          0.124819E+03
      0.537          0.127061E+03
      0.525          0.129597E+03
      0.513          0.132015E+03
      0.501          0.134272E+03
      0.490          0.137027E+03
      0.479          0.139791E+03
      0.468          0.142445E+03
      0.457          0.145136E+03
      0.447          0.148380E+03
      0.437          0.152316E+03
      0.427          0.156604E+03
      0.417          0.160773E+03
      0.407          0.165124E+03
      0.398          0.169869E+03
      0.389          0.175243E+03
      0.380          0.180674E+03
      0.372          0.186555E+03
      0.363          0.192429E+03
      0.355          0.198253E+03
      0.347          0.205746E+03
      0.339          0.215454E+03
      0.331          0.225253E+03
      0.324          0.235478E+03
      0.316          0.245264E+03
      0.309          0.252289E+03
      0.302          0.259727E+03
      0.295          0.268309E+03
      0.288          0.277522E+03
      0.282          0.287008E+03
      0.275          0.296867E+03
      0.269          0.306533E+03
      0.263          0.316710E+03
      0.257          0.327114E+03
      0.251          0.337744E+03
      0.245          0.348982E+03
      0.240          0.361109E+03
      0.234          0.373190E+03
      0.229          0.385779E+03
      0.224          0.398444E+03
      0.219          0.410573E+03
      0.214          0.418943E+03
      0.209          0.427755E+03
      0.204          0.436432E+03
      0.200          0.444385E+03
      0.195          0.443319E+03
      0.191          0.442205E+03
      0.186          0.441363E+03
      0.182          0.440717E+03
      0.178          0.439702E+03
      0.174          0.466719E+03
      0.170          0.558119E+03
      0.166          0.650749E+03
      0.162          0.744104E+03
      0.158          0.838673E+03
      0.155          0.936916E+03
      0.151          0.111434E+04
      0.148          0.130016E+04
      0.145          0.149526E+04
      0.141          0.170006E+04
      0.138          0.177767E+04
      0.135          0.176895E+04
      0.132          0.175714E+04
      0.129          0.174225E+04
      0.126          0.172432E+04
      0.123          0.180610E+04
      0.120          0.193705E+04
      0.117          0.207216E+04
      0.115          0.221179E+04
      0.112          0.235557E+04
      0.110          0.250356E+04
      0.107          0.265586E+04
      0.105          0.281319E+04
      0.102          0.298200E+04
      0.100          0.315516E+04
