  10000.000          0.478651E-03
   9772.372          0.500580E-03
   9549.926          0.523320E-03
   9332.543          0.546560E-03
   9120.108          0.570635E-03
   8912.509          0.595585E-03
   8709.636          0.621484E-03
   8511.380          0.648433E-03
   8317.638          0.676560E-03
   8128.305          0.705999E-03
   7943.282          0.736883E-03
   7762.471          0.769328E-03
   7585.776          0.803421E-03
   7413.102          0.839215E-03
   7244.360          0.876721E-03
   7079.458          0.915918E-03
   6918.310          0.956757E-03
   6760.830          0.999170E-03
   6606.934          0.104309E-02
   6456.542          0.108846E-02
   6309.573          0.113527E-02
   6165.950          0.118352E-02
   6025.596          0.123330E-02
   5888.437          0.128472E-02
   5754.399          0.133797E-02
   5623.413          0.139357E-02
   5495.409          0.145180E-02
   5370.318          0.151275E-02
   5248.075          0.157668E-02
   5128.614          0.164381E-02
   5011.872          0.171429E-02
   4897.788          0.178823E-02
   4786.301          0.186566E-02
   4677.351          0.194656E-02
   4570.882          0.203086E-02
   4466.836          0.211845E-02
   4365.158          0.220920E-02
   4265.795          0.230296E-02
   4168.694          0.239961E-02
   4073.803          0.249904E-02
   3981.072          0.260117E-02
   3890.451          0.270599E-02
   3801.894          0.281350E-02
   3715.352          0.292380E-02
   3630.781          0.303700E-02
   3548.134          0.315327E-02
   3467.369          0.327280E-02
   3388.442          0.339582E-02
   3311.311          0.352255E-02
   3235.937          0.365321E-02
   3162.278          0.378804E-02
   3090.295          0.392721E-02
   3019.952          0.407090E-02
   2951.209          0.421789E-02
   2884.032          0.436896E-02
   2818.383          0.452471E-02
   2754.229          0.468517E-02
   2691.535          0.485033E-02
   2630.268          0.502015E-02
   2570.396          0.519801E-02
   2511.886          0.538424E-02
   2454.709          0.557540E-02
   2398.833          0.577133E-02
   2344.229          0.597186E-02
   2290.868          0.617680E-02
   2238.721          0.638592E-02
   2187.762          0.659902E-02
   2137.962          0.681586E-02
   2089.296          0.703621E-02
   2041.738          0.725985E-02
   1995.262          0.748587E-02
   1949.845          0.770834E-02
   1905.461          0.793243E-02
   1862.087          0.815790E-02
   1819.701          0.838451E-02
   1778.279          0.861204E-02
   1737.801          0.884028E-02
   1698.244          0.906903E-02
   1659.587          0.929809E-02
   1621.810          0.952731E-02
   1584.893          0.975650E-02
   1548.817          0.998552E-02
   1513.561          0.102142E-01
   1479.108          0.104447E-01
   1445.440          0.106768E-01
   1412.538          0.109092E-01
   1380.384          0.111418E-01
   1348.963          0.113745E-01
   1318.257          0.116072E-01
   1288.250          0.118498E-01
   1258.925          0.121080E-01
   1230.269          0.123673E-01
   1202.264          0.126276E-01
   1174.898          0.128889E-01
   1148.154          0.131511E-01
   1122.018          0.134142E-01
   1096.478          0.136782E-01
   1071.519          0.139432E-01
   1047.129          0.142090E-01
   1023.293          0.144759E-01
   1000.000          0.147437E-01
    977.237          0.150313E-01
    954.993          0.153195E-01
    933.254          0.156085E-01
    912.011          0.158981E-01
    891.251          0.161884E-01
    870.964          0.164794E-01
    851.138          0.167712E-01
    831.764          0.170637E-01
    812.831          0.173571E-01
    794.328          0.176484E-01
    776.247          0.179324E-01
    758.578          0.182157E-01
    741.310          0.184982E-01
    724.436          0.187801E-01
    707.946          0.190614E-01
    691.831          0.193422E-01
    676.083          0.196226E-01
    660.693          0.199027E-01
    645.654          0.201826E-01
    630.957          0.204625E-01
    616.595          0.207424E-01
    602.560          0.210226E-01
    588.844          0.212872E-01
    575.440          0.215472E-01
    562.341          0.218063E-01
    549.541          0.220647E-01
    537.032          0.223225E-01
    524.807          0.225799E-01
    512.861          0.228370E-01
    501.187          0.230941E-01
    489.779          0.233115E-01
    478.630          0.235228E-01
    467.735          0.237327E-01
    457.088          0.239413E-01
    446.684          0.241379E-01
    436.516          0.243098E-01
    426.580          0.244803E-01
    416.869          0.246498E-01
    407.380          0.248183E-01
    398.107          0.249860E-01
    389.045          0.251532E-01
    380.189          0.253200E-01
    371.535          0.254866E-01
    363.078          0.256531E-01
    354.813          0.258197E-01
    346.737          0.259856E-01
    338.844          0.261516E-01
    331.131          0.263195E-01
    323.594          0.264897E-01
    316.228          0.266621E-01
    309.030          0.268371E-01
    301.995          0.270146E-01
    295.121          0.271949E-01
    288.403          0.273780E-01
    281.838          0.275642E-01
    275.423          0.277535E-01
    269.153          0.279460E-01
    263.027          0.281420E-01
    257.040          0.283415E-01
    251.189          0.285446E-01
    245.471          0.288265E-01
    239.883          0.291339E-01
    234.423          0.294479E-01
    229.087          0.297686E-01
    223.872          0.300962E-01
    218.776          0.304308E-01
    213.796          0.307727E-01
    208.930          0.311221E-01
    204.174          0.314791E-01
    199.526          0.318413E-01
    194.984          0.321879E-01
    190.546          0.325423E-01
    186.209          0.329045E-01
    181.970          0.332748E-01
    177.828          0.336533E-01
    173.780          0.340403E-01
    169.824          0.344359E-01
    165.959          0.348404E-01
    162.181          0.352540E-01
    158.489          0.356769E-01
    154.882          0.361088E-01
    151.356          0.365363E-01
    147.911          0.369943E-01
    144.544          0.374756E-01
    141.254          0.379633E-01
    138.038          0.384846E-01
    134.896          0.390202E-01
    131.826          0.395732E-01
    128.825          0.401471E-01
    125.893          0.407349E-01
    123.027          0.413372E-01
    120.226          0.419540E-01
    117.490          0.425779E-01
    114.815          0.432165E-01
    112.202          0.438722E-01
    109.648          0.445429E-01
    107.152          0.452236E-01
    104.713          0.459416E-01
    102.329          0.466957E-01
    100.000          0.474691E-01
     97.724          0.485194E-01
     95.499          0.495953E-01
     93.325          0.506977E-01
     91.201          0.518273E-01
     89.125          0.529849E-01
     87.096          0.541714E-01
     85.114          0.553876E-01
     83.176          0.576125E-01
     81.283          0.599487E-01
     79.433          0.623382E-01
     77.625          0.647827E-01
     75.858          0.672842E-01
     74.131          0.698447E-01
     72.444          0.724664E-01
     70.795          0.751516E-01
     69.183          0.782245E-01
     67.608          0.816745E-01
     66.069          0.851958E-01
     64.565          0.887935E-01
     63.096          0.924733E-01
     61.660          0.962421E-01
     60.256          0.100108E+00
     58.884          0.107803E+00
     57.544          0.116581E+00
     56.234          0.125622E+00
     54.954          0.134934E+00
     53.703          0.144527E+00
     52.481          0.154405E+00
     51.286          0.164568E+00
     50.119          0.175012E+00
     48.978          0.187451E+00
     47.863          0.200230E+00
     46.774          0.213145E+00
     45.709          0.226205E+00
     44.668          0.255757E+00
     43.652          0.291101E+00
     42.658          0.289103E+00
     41.687          0.280959E+00
     40.738          0.297292E+00
     39.811          0.327885E+00
     38.905          0.428197E+00
     38.019          0.457875E+00
     37.154          0.405952E+00
     36.308          0.366491E+00
     35.481          0.380783E+00
     34.674          0.421512E+00
     33.884          0.471457E+00
     33.113          0.528189E+00
     32.359          0.520985E+00
     31.623          0.510662E+00
     30.903          0.518094E+00
     30.200          0.529458E+00
     29.512          0.540956E+00
     28.840          0.568868E+00
     28.184          0.597903E+00
     27.542          0.627787E+00
     26.915          0.656721E+00
     26.303          0.691285E+00
     25.704          0.737614E+00
     25.119          0.785532E+00
     24.547          0.833207E+00
     23.988          0.882443E+00
     23.442          0.933822E+00
     22.909          0.987792E+00
     22.387          0.104603E+01
     21.878          0.110687E+01
     21.380          0.117036E+01
     20.893          0.123790E+01
     20.417          0.131338E+01
     19.953          0.139248E+01
     19.498          0.147466E+01
     19.055          0.156156E+01
     18.621          0.162532E+01
     18.197          0.168643E+01
     17.783          0.168900E+01
     17.378          0.162705E+01
     16.982          0.154903E+01
     16.596          0.145330E+01
     16.218          0.131130E+01
     15.849          0.115900E+01
     15.488          0.100935E+01
     15.136          0.863399E+00
     14.791          0.787352E+00
     14.454          0.757455E+00
     14.125          0.731206E+00
     13.804          0.708472E+00
     13.490          0.689641E+00
     13.183          0.696344E+00
     12.882          0.704844E+00
     12.589          0.735101E+00
     12.303          0.796695E+00
     12.023          0.856865E+00
     11.749          0.106022E+01
     11.482          0.126572E+01
     11.220          0.151751E+01
     10.965          0.179937E+01
     10.715          0.212014E+01
     10.471          0.246071E+01
     10.233          0.283649E+01
     10.000          0.325706E+01
      9.772          0.368941E+01
      9.550          0.394298E+01
      9.333          0.420238E+01
      9.120          0.406456E+01
      8.913          0.367394E+01
      8.710          0.309059E+01
      8.511          0.250061E+01
      8.318          0.191277E+01
      8.128          0.153646E+01
      7.943          0.130149E+01
      7.762          0.109307E+01
      7.586          0.919817E+00
      7.413          0.915532E+00
      7.244          0.958828E+00
      7.079          0.100814E+01
      6.918          0.103982E+01
      6.761          0.109590E+01
      6.607          0.112890E+01
      6.457          0.116733E+01
      6.310          0.122436E+01
      6.166          0.124823E+01
      6.026          0.129681E+01
      5.888          0.135241E+01
      5.754          0.137216E+01
      5.623          0.143434E+01
      5.495          0.148357E+01
      5.370          0.150195E+01
      5.248          0.157700E+01
      5.129          0.160972E+01
      5.012          0.163258E+01
      4.898          0.171736E+01
      4.786          0.172781E+01
      4.677          0.176891E+01
      4.571          0.185591E+01
      4.467          0.185116E+01
      4.365          0.192066E+01
      4.266          0.199364E+01
      4.169          0.198856E+01
      4.074          0.208411E+01
      3.981          0.212265E+01
      3.890          0.213927E+01
      3.802          0.225217E+01
      3.715          0.225752E+01
      3.631          0.231540E+01
      3.548          0.242108E+01
      3.467          0.240939E+01
      3.388          0.251708E+01
      3.311          0.256605E+01
      3.236          0.260367E+01
      3.162          0.273241E+01
      3.090          0.273037E+01
      3.020          0.288156E+01
      2.951          0.294264E+01
      2.884          0.305484E+01
      2.818          0.318305E+01
      2.754          0.328363E+01
      2.692          0.345876E+01
      2.630          0.360378E+01
      2.570          0.377165E+01
      2.512          0.392515E+01
      2.455          0.415926E+01
      2.399          0.441363E+01
      2.344          0.466226E+01
      2.291          0.484027E+01
      2.239          0.551073E+01
      2.188          0.651255E+01
      2.138          0.740556E+01
      2.089          0.800782E+01
      2.042          0.864394E+01
      1.995          0.934915E+01
      1.950          0.101082E+02
      1.905          0.109118E+02
      1.862          0.116498E+02
      1.820          0.124285E+02
      1.778          0.130469E+02
      1.738          0.134877E+02
      1.698          0.139352E+02
      1.660          0.143917E+02
      1.622          0.146093E+02
      1.585          0.147376E+02
      1.549          0.148531E+02
      1.514          0.149658E+02
      1.479          0.150908E+02
      1.445          0.152120E+02
      1.413          0.153330E+02
      1.380          0.155152E+02
      1.349          0.157385E+02
      1.318          0.160202E+02
      1.288          0.163462E+02
      1.259          0.167409E+02
      1.230          0.171445E+02
      1.202          0.175586E+02
      1.175          0.179797E+02
      1.148          0.184180E+02
      1.122          0.189585E+02
      1.096          0.195133E+02
      1.072          0.200754E+02
      1.047          0.206609E+02
      1.023          0.212564E+02
      1.000          0.218665E+02
      0.977          0.224653E+02
      0.955          0.230743E+02
      0.933          0.236958E+02
      0.912          0.243326E+02
      0.891          0.249860E+02
      0.871          0.256556E+02
      0.851          0.263389E+02
      0.832          0.268159E+02
      0.813          0.272871E+02
      0.794          0.277672E+02
      0.776          0.282438E+02
      0.759          0.287318E+02
      0.741          0.292280E+02
      0.724          0.297052E+02
      0.708          0.301353E+02
      0.692          0.305700E+02
      0.676          0.310133E+02
      0.661          0.314636E+02
      0.646          0.319691E+02
      0.631          0.325963E+02
      0.617          0.332366E+02
      0.603          0.338870E+02
      0.589          0.345516E+02
      0.575          0.352287E+02
      0.562          0.359803E+02
      0.550          0.367858E+02
      0.537          0.376032E+02
      0.525          0.384500E+02
      0.513          0.393388E+02
      0.501          0.402447E+02
      0.490          0.411720E+02
      0.479          0.421224E+02
      0.468          0.430940E+02
      0.457          0.440805E+02
      0.447          0.450538E+02
      0.437          0.459359E+02
      0.427          0.468353E+02
      0.417          0.477706E+02
      0.407          0.486998E+02
      0.398          0.496472E+02
      0.389          0.505254E+02
      0.380          0.514313E+02
      0.372          0.523430E+02
      0.363          0.532690E+02
      0.355          0.542384E+02
      0.347          0.552657E+02
      0.339          0.563932E+02
      0.331          0.575399E+02
      0.324          0.587200E+02
      0.316          0.599167E+02
      0.309          0.611301E+02
      0.302          0.623642E+02
      0.295          0.635741E+02
      0.288          0.648108E+02
      0.282          0.660567E+02
      0.275          0.673484E+02
      0.269          0.686514E+02
      0.263          0.699953E+02
      0.257          0.713654E+02
      0.251          0.727792E+02
      0.245          0.741678E+02
      0.240          0.755687E+02
      0.234          0.770109E+02
      0.229          0.784856E+02
      0.224          0.800048E+02
      0.219          0.815630E+02
      0.214          0.831602E+02
      0.209          0.847975E+02
      0.204          0.864834E+02
      0.200          0.882864E+02
      0.195          0.907471E+02
      0.191          0.932867E+02
      0.186          0.958909E+02
      0.182          0.985806E+02
      0.178          0.101353E+03
      0.174          0.104801E+03
      0.170          0.109763E+03
      0.166          0.114883E+03
      0.162          0.120159E+03
      0.158          0.125640E+03
      0.155          0.131248E+03
      0.151          0.136187E+03
      0.148          0.141276E+03
      0.145          0.146552E+03
      0.141          0.152009E+03
      0.138          0.157437E+03
      0.135          0.162924E+03
      0.132          0.168590E+03
      0.129          0.174465E+03
      0.126          0.180533E+03
      0.123          0.187716E+03
      0.120          0.195567E+03
      0.117          0.203713E+03
      0.115          0.212161E+03
      0.112          0.220912E+03
      0.110          0.230002E+03
      0.107          0.239422E+03
      0.105          0.249527E+03
      0.102          0.262571E+03
      0.100          0.276176E+03
