 1.0000E-01   5.048359210536521D+01   9.234640865650354D+01   3.100979824429188D+01   6.133661041221168D+01
 1.0500E-01   5.042624100666386D+01   9.054496535667593D+01   3.219108867980135D+01   5.835387667687457D+01
 1.2500E-01   5.147226880955328D+01   8.563656763945858D+01   3.722748634823369D+01   4.840908129122490D+01
 1.4000E-01   5.321402610439345D+01   8.365117044856721D+01   4.128681878232009D+01   4.236435166624711D+01
 1.5500E-01   5.567805340733241D+01   8.292963190727987D+01   4.553633091714246D+01   3.739330099013745D+01
 1.7500E-01   5.998153565334393D+01   8.371364839275648D+01   5.154978313731200D+01   3.216386525544448D+01
 2.0000E-01   6.675021992019997D+01   8.738670619705080D+01   5.932376423852155D+01   2.806294195852923D+01
 2.2000E-01   6.785874700752126D+01   8.735271249775977D+01   6.036730999100222D+01   2.698540250675760D+01
 2.5000E-01   6.242671209874297D+01   8.112847303642231D+01   5.449708652580957D+01   2.663138651061271D+01
 3.0000E-01   5.161716491504467D+01   6.932277413353366D+01   4.319274372026949D+01   2.613003041326415D+01
 3.1750E-01   4.825662512288581D+01   6.567647206817824D+01   3.967507756929320D+01   2.600139449888503D+01
 3.5000E-01   4.238783092439380D+01   5.938777564549361D+01   3.347674342426591D+01   2.591103222122769D+01
 4.0000E-01   3.501319891945596D+01   5.146195352418060D+01   2.564263364675935D+01   2.581931987742124D+01
 4.5000E-01   2.978003864032075D+01   4.565422352844581D+01   2.012807160363454D+01   2.552615192481132D+01
 5.3000E-01   2.428848015531686D+01   3.921629968909496D+01   1.449962849250138D+01   2.471667119659357D+01
 5.7000E-01   2.236501763726974D+01   3.681630988153147D+01   1.262902466288441D+01   2.418728521864706D+01
 6.5000E-01   1.948572941260758D+01   3.300062018713178D+01   1.000957941559631D+01   2.299104077153548D+01
 7.3000E-01   1.758661289471404D+01   3.020704260443025D+01   8.533479811504847D+00   2.167356279292541D+01
 8.5000E-01   1.570967254627327D+01   2.705912765224099D+01   7.458967847880834D+00   1.960015980436015D+01
 1.0000E+00   1.433802476736670D+01   2.426915640232231D+01   7.053940186035692D+00   1.721521621628662D+01
 1.1500E+00   1.323407023632798D+01   2.209539324972129D+01   6.593925700678215D+00   1.550146754904308D+01
 1.3000E+00   1.207933525354631D+01   2.019804541952330D+01   5.749467004686452D+00   1.444857841483686D+01
 1.3500E+00   1.166289401684954D+01   1.959471728569040D+01   5.406368695200233D+00   1.418834859049017D+01
 1.4000E+00   1.128336872675887D+01   1.903571711223170D+01   5.070204130010208D+00   1.396551298222148D+01
 1.5300E+00   1.027567535406858D+01   1.762897293810088D+01   4.182696327176886D+00   1.344627661092400D+01
 1.6500E+00   9.442085782424638D+00   1.647657125199226D+01   3.462146019304878D+00   1.301442523268739D+01
 1.8000E+00   8.496066830380160D+00   1.515635949946531D+01   2.692562521358445D+00   1.246379697810686D+01
 1.9000E+00   7.968066539470930D+00   1.439987666517161D+01   2.297435994335077D+00   1.210244067083654D+01
 2.0000E+00   7.434367311223043D+00   1.362990364154440D+01   1.920305416209326D+00   1.170959822533507D+01
 2.1500E+00   6.742037061310723D+00   1.258251865569431D+01   1.453676299148477D+00   1.112884235654583D+01
 2.2700E+00   6.255685740469370D+00   1.180385258968586D+01   1.153567196255275D+00   1.065028539343058D+01
 2.3500E+00   5.947079778833763D+00   1.132441168570657D+01   9.938670174494566D-01   1.033054466825711D+01
 2.5000E+00   5.447843622629925D+00   1.045899143258236D+01   7.947938839220281D-01   9.664197548660335D+00
 2.7500E+00   4.792856613826426D+00   9.217313592607692D+00   6.243573296637447D-01   8.592956262943945D+00
 2.9000E+00   4.440394235695878D+00   8.521773356711227D+00   5.521312857651097D-01   7.969642070946117D+00
 3.1000E+00   4.035552520734290D+00   7.703402914808558D+00   4.837672139592291D-01   7.219635700849330D+00
 3.3500E+00   3.582977368321463D+00   6.800398806707967D+00   4.090294398810657D-01   6.391369366826900D+00
 3.5000E+00   3.345235970395238D+00   6.323475423150948D+00   3.727411135888715D-01   5.950734309562076D+00
 3.7500E+00   2.971898301311278D+00   5.580892418244815D+00   3.207348681314469D-01   5.260157550113369D+00
 4.0000E+00   2.642458006719271D+00   4.920946519389974D+00   2.798384214523576D-01   4.641108097937615D+00
 4.5200E+00   2.091084174998760D+00   3.799548043185507D+00   2.230576170648717D-01   3.576490426120636D+00
 4.8000E+00   1.855497469805131D+00   3.320691381533162D+00   2.062981217934521D-01   3.114393259739709D+00
 5.0000E+00   1.705603210200874D+00   3.023526630264081D+00   1.982359010488611D-01   2.825290729215221D+00
 5.3000E+00   1.506249836669245D+00   2.628583202456279D+00   1.896973886536766D-01   2.438885813802602D+00
 5.6000E+00   1.329347802165011D+00   2.288416977412429D+00   1.795339957427758D-01   2.108882981669653D+00
 5.9000E+00   1.169863364024229D+00   1.990852171187072D+00   1.664214660597980D-01   1.824430705127274D+00
 6.7500E+00   7.953976541734614D-01   1.309033229081172D+00   1.423199282675076D-01   1.166713300813664D+00
 7.5500E+00   5.547233422992630D-01   8.537099198004807D-01   1.506225997712734D-01   7.030873200292072D-01
 8.2500E+00   6.043180063774105D-01   7.061802385009219D-01   4.235056900423366D-01   2.826745484585858D-01
 8.7000E+00   1.892666887373354D+00   1.926647806523589D+00   1.786880625881607D+00   1.397671806419821D-01
 9.0000E+00   3.406558658654485D+00   3.429991846320391D+00   3.311139229445633D+00   1.188526168747588D-01
 9.3000E+00   7.856563491956376D+00   7.922302547024848D+00   7.646860469863904D+00   2.754420771609449D-01
 9.7500E+00   9.853953565770665D+00   9.956337737635542D+00   9.513755484138301D+00   4.425822534972425D-01
 1.0000E+01   9.897033966992083D+00   1.001171978076670D+01   9.502921692957688D+00   5.087980878090180D-01
 1.0500E+01   8.316715770625180D+00   8.445355469531433D+00   7.873490731987774D+00   5.718647375436603D-01
 1.1000E+01   6.398920215147977D+00   6.532834976772184D+00   5.966494412729658D+00   5.663405640425248D-01
 1.1400E+01   4.994158055604514D+00   5.132852344302716D+00   4.584452397569345D+00   5.483999467333712D-01
 1.2000E+01   3.011641332119575D+00   3.156811156736274D+00   2.665234839546738D+00   4.915763171895366D-01
 1.2700E+01   1.707118260937489D+00   1.825374789923963D+00   1.462038123201085D+00   3.633366667228785D-01
 1.3500E+01   1.731240620474845D+00   1.793318997851097D+00   1.584894732810143D+00   2.084242650409544D-01
 1.5000E+01   2.657409339676194D+00   2.676099305668004D+00   2.588194595912834D+00   8.790470975516962D-02
 1.6500E+01   5.819648255071209D+00   5.840797473766509D+00   5.710318888570043D+00   1.304785851964657D-01
 1.8000E+01   5.965049098838412D+00   5.990899413713199D+00   5.806386996423144D+00   1.845124172900561D-01
 1.9000E+01   5.066131689890383D+00   5.090441741459593D+00   4.910976347748153D+00   1.794653937114383D-01
 2.0000E+01   4.355764885042442D+00   4.377683798379178D+00   4.211573713067752D+00   1.661100853114282D-01
 2.1000E+01   3.813765723040123D+00   3.833151524810706D+00   3.683159750059884D+00   1.499917747508212D-01
 2.3000E+01   3.147413885956513D+00   3.162318209724809D+00   3.037576893235375D+00   1.247413164894335D-01
 2.5000E+01   2.570329991734737D+00   2.582055068149495D+00   2.475551173221398D+00   1.065038949280975D-01
 2.6500E+01   2.155508392949576D+00   2.165496523986008D+00   2.072467717800497D+00   9.302880618551031D-02
 2.7500E+01   1.921493796324881D+00   1.930515650864631D+00   1.846041494848785D+00   8.447415601584539D-02
 2.9500E+01   1.520458238268131D+00   1.527992477482070D+00   1.458708476125958D+00   6.928400135611175D-02
 3.1500E+01   1.208130177983896D+00   1.214591359915783D+00   1.159007343039217D+00   5.558401687656632D-02
 3.3100E+01   1.038105771050319D+00   1.043700556500817D+00   9.974450387636605D-01   4.625551773715667D-02
 3.4500E+01   9.194259556939627D-01   9.243019568628305D-01   8.849289080561560D-01   3.937304880667459D-02
 3.6000E+01   8.169138396672241D-01   8.210579602657543D-01   7.879334177046463D-01   3.312454256110827D-02
 3.7000E+01   7.588974484498733D-01   7.625889372148078D-01   7.330169148243174D-01   2.957202239049029D-02
 3.8500E+01   6.798199381207576D-01   6.829059276857046D-01   6.579030616439451D-01   2.500286604175942D-02
 4.0000E+01   6.120936295207293D-01   6.146346956032880D-01   5.935044254853096D-01   2.113027011797857D-02
 4.2000E+01   5.473337163456863D-01   5.492428994078987D-01   5.322657089679685D-01   1.697719043993024D-02
 4.3350E+01   5.141284770777769D-01   5.156987031677702D-01   5.009406237441939D-01   1.475807942357603D-02
 4.5540E+01   4.687836684020432D-01   4.699419002644136D-01   4.580166475646027D-01   1.192525269981065D-02
 5.0000E+01   3.862652118090123D-01   3.869240893649499D-01   3.788915926512832D-01   8.032496713667047D-03
 6.0000E+01   2.479448038656561D-01   2.481592971431281D-01   2.444559307151092D-01   3.703366428018875D-03
 7.0000E+01   1.769297604927994D-01   1.770104557823630D-01   1.750836499302031D-01   1.926805852159909D-03
 8.5000E+01   1.195305301748790D-01   1.195546409634275D-01   1.186942013128186D-01   8.604396506088430D-04
 1.0000E+02   8.569814083712471D-02   8.570704137744986D-02   8.526504386597174D-02   4.419975114781308D-04
 1.0600E+02   7.593452829532336D-02   7.594076356113169D-02   7.559230879387856D-02   3.484547672530871D-04
 1.1000E+02   7.029364222542900D-02   7.029861570962198D-02   6.999899617394895D-02   2.996195356730312D-04
 1.1500E+02   6.406151849873173D-02   6.406531102243163D-02   6.381529577087887D-02   2.500152515527243D-04
 1.2000E+02   5.862322169661293D-02   5.862614768303865D-02   5.841587465058146D-02   2.102730324571872D-04
 1.2700E+02   5.212246328597774D-02   5.212453459554941D-02   5.195753454876555D-02   1.670000467838749D-04
 1.3300E+02   4.741234482946377D-02   4.741390853253967D-02   4.727544967964295D-02   1.384588528967335D-04
 1.4100E+02   4.213205481945810D-02   4.213315067109554D-02   4.202389978950459D-02   1.092508815909303D-04
 1.4500E+02   3.985405549623830D-02   3.985497992356742D-02   3.975743660259101D-02   9.754332097639542D-05
 1.5000E+02   3.729165553579931D-02   3.729240776699622D-02   3.720737964574346D-02   8.502812125276519D-05
 1.5500E+02   3.500881550076147D-02   3.500943185350447D-02   3.493497100838753D-02   7.446084511694203D-05
 2.0000E+02   2.210084941345502D-02   2.210098138035994D-02   2.207433134353064D-02   2.665003682930059D-05
 2.5000E+02   1.459136105077406D-02   1.459139556991317D-02   1.458050926248374D-02   1.088630742941495D-05
 3.5000E+02   7.705466067112406D-03   7.705470638046318D-03   7.702645428284981D-03   2.825209761336593D-06
 4.5000E+02   4.780598830178564D-03   4.780599841051586D-03   4.779567277581038D-03   1.032563470548012D-06
 5.0000E+02   3.905021221254692D-03   3.905021758091803D-03   3.904344680545979D-03   6.770775458255925D-07
 6.0000E+02   2.812944793145030D-03   2.812944972705654D-03   2.812618745172498D-03   3.262275331554016D-07
 8.0000E+02   1.696562806447109D-03   1.696562838383602D-03   1.696459699042726D-03   1.031393408768907D-07
 1.0000E+03   1.155374842102845D-03   1.155374850470933D-03   1.155332627855097D-03   4.222261583652803D-08
 1.3000E+03   7.403372729257251D-04   7.403372746587408D-04   7.403224992638899D-04   1.477539485115127D-08
 1.5000E+03   5.822001723365268D-04   5.822001730705994D-04   5.821918397126651D-04   8.333357934224258D-09
 2.0000E+03   3.604641518393693D-04   3.604641519698200D-04   3.604615167545439D-04   2.635215276116046D-09
 2.6000E+03   2.338013721886505D-04   2.338013722155100D-04   2.338004500213850D-04   9.221941249557108D-10
 3.0000E+03   1.850727371215691D-04   1.850727371328752D-04   1.850722169639921D-04   5.201688830431167D-10
 5.7000E+03   6.580867115434399D-05   6.580867115455273D-05   6.580863129765878D-05   3.985689393512599D-11
 9.6000E+03   2.799802931731680D-05   2.799802931731936D-05   2.799802437209359D-05   4.945225779856417D-12
 3.0000E+04   4.158166408753516D-06   4.158166408753516D-06   4.158166359082651D-06   4.967086420685745D-14
 1.0000E+05   5.791057694473338D-07   5.791057694473338D-07   5.791057691969640D-07   2.503698290425172D-16
