 1.0000E-01   1.200509908707405D+03   1.309248607967128D+03   1.138455891840407D+03   1.707927161267204D+02
 1.0500E-01   9.850312853743194D+02   1.092741108535733D+03   9.243562434337995D+02   1.683848651019341D+02
 1.2500E-01   5.569272610811825D+02   6.603137183309419D+02   5.006702933304271D+02   1.596434250005155D+02
 1.4000E-01   3.993154443200018D+02   5.013807028899179D+02   3.435438093238041D+02   1.578368935661138D+02
 1.5500E-01   2.549628735257578D+02   3.603590796157845D+02   1.963775830240872D+02   1.639814965916973D+02
 1.7500E-01   2.299225879470702D+02   3.229621419862493D+02   1.842331981700155D+02   1.387289438162339D+02
 2.0000E-01   2.292492595396619D+02   3.131335736487379D+02   1.873495323350261D+02   1.257840413137118D+02
 2.2000E-01   2.143745416454563D+02   2.945339501680626D+02   1.730168007530023D+02   1.215171494150602D+02
 2.5000E-01   1.828863664618871D+02   2.596384764842002D+02   1.417966505091097D+02   1.178418259750905D+02
 3.0000E-01   1.457779725697936D+02   2.171476535173553D+02   1.058800842580503D+02   1.112675692593049D+02
 3.1750E-01   1.371161454541657D+02   2.068272398282969D+02   9.738791949288162D+01   1.094393203354153D+02
 3.5000E-01   1.148268379378550D+02   1.839539947868055D+02   7.258326321371379D+01   1.113707315730917D+02
 4.0000E-01   9.294905201582532D+01   1.595510530194103D+02   5.006152320965967D+01   1.094895298097506D+02
 4.5000E-01   7.746372811089401D+01   1.420167055542304D+02   3.351327366318411D+01   1.085034318910463D+02
 5.3000E-01   6.531357329691073D+01   1.242454990845525D+02   2.474718023539046D+01   9.949831884916202D+01
 5.7000E-01   6.104943924874415D+01   1.175712286394831D+02   2.159467592356659D+01   9.597655271591653D+01
 6.5000E-01   5.385791821505160D+01   1.062995014093459D+02   1.629830729931011D+01   9.000119411003581D+01
 7.3000E-01   4.916592798185933D+01   9.748344169395629D+01   1.461879322284885D+01   8.286464847110749D+01
 8.5000E-01   4.463452267255517D+01   8.746015029321700D+01   1.373705807433327D+01   7.372309221888369D+01
 1.0000E+00   3.893656790247238D+01   7.711786215039456D+01   1.055794428331464D+01   6.655991786707990D+01
 1.1500E+00   3.481008008852216D+01   6.917134403095214D+01   9.050305965740748D+00   6.012103806521140D+01
 1.3000E+00   3.147568467319904D+01   6.271664735116939D+01   8.123544414107096D+00   5.459310293706231D+01
 1.3500E+00   3.119812720713087D+01   6.121286990002628D+01   9.075174298077091D+00   5.213769560194920D+01
 1.4000E+00   3.039969747285130D+01   5.955273971679433D+01   8.773294715636542D+00   5.077944500115780D+01
 1.5300E+00   2.859599204525564D+01   5.544476008563419D+01   8.729909751706687D+00   4.671485033392751D+01
 1.6500E+00   2.671247791917225D+01   5.182056542333827D+01   7.961713968460854D+00   4.385885145487743D+01
 1.8000E+00   2.462433150566604D+01   4.760460295497081D+01   7.313166041201943D+00   4.029143691376887D+01
 1.9000E+00   2.333568684767909D+01   4.502558219819500D+01   6.871411554424320D+00   3.815417064377068D+01
 2.0000E+00   2.212403663102172D+01   4.252697646887820D+01   6.554168522658014D+00   3.597280794622019D+01
 2.1500E+00   2.100111617148394D+01   3.940102379484298D+01   6.846569068516938D+00   3.255445472632605D+01
 2.2700E+00   2.023854583467335D+01   3.723289319888644D+01   7.025543176438371D+00   3.020735002244806D+01
 2.3500E+00   1.964668872942563D+01   3.580480003747543D+01   6.987450440370012D+00   2.881734959710542D+01
 2.5000E+00   1.858621229659719D+01   3.319784310460549D+01   6.925071616692913D+00   2.627277148791259D+01
 2.7500E+00   1.849795334312120D+01   3.049467336411211D+01   8.564013213137958D+00   2.193066015097415D+01
 2.9000E+00   1.887585262687463D+01   2.968466020239509D+01   9.495172222859392D+00   2.018948797953571D+01
 3.1000E+00   1.812345983246987D+01   2.773226148621816D+01   9.341495460802767D+00   1.839076602541539D+01
 3.3500E+00   1.841300043477785D+01   2.691526789747202D+01   1.043033605407906D+01   1.648493184339297D+01
 3.5000E+00   1.549620124395253D+01   2.407967242065133D+01   6.782502000875121D+00   1.729717041977622D+01
 3.7500E+00   1.300960385259524D+01   2.043993282996830D+01   5.240179583363199D+00   1.519975324660509D+01
 4.0000E+00   1.164392882817323D+01   1.813794896280605D+01   4.565103652941978D+00   1.357284530986406D+01
 4.5200E+00   9.340850704270153D+00   1.417968999967935D+01   3.744645226464215D+00   1.043504477321514D+01
 4.8000E+00   8.614122652398018D+00   1.275436332743096D+01   3.698724336012181D+00   9.055638991418776D+00
 5.0000E+00   8.615237634973560D+00   1.230287773051853D+01   3.907404884815718D+00   8.395472845702812D+00
 5.3000E+00   7.865117424934464D+00   1.096099188418454D+01   3.779760064770962D+00   7.181231819413574D+00
 5.6000E+00   8.176288158757192D+00   1.070696113093449D+01   4.756147605025181D+00   5.950813525909306D+00
 5.9000E+00   9.284686802110834D+00   1.141089654798694D+01   6.174836661214910D+00   5.236059886772032D+00
 6.7500E+00   7.822249180163471D+00   9.424748553790117D+00   5.172339330505298D+00   4.252409223284822D+00
 7.5500E+00   5.828430593983035D+00   6.966658899030922D+00   3.858268884068350D+00   3.108390014962573D+00
 8.2500E+00   7.111930220351875D+00   7.942508288597400D+00   5.534841112833890D+00   2.407667175763508D+00
 8.7000E+00   9.397204588086773D+00   1.011118661675271D+01   7.945150008810370D+00   2.166036607942345D+00
 9.0000E+00   1.160842866107299D+01   1.225339053128124D+01   1.021065869820496D+01   2.042731833076280D+00
 9.3000E+00   1.377826626167959D+01   1.437574683116366D+01   1.235986611714472D+01   2.015880714018939D+00
 9.7500E+00   1.303196372387438D+01   1.358452628410561D+01   1.164450384901718D+01   1.940022435088425D+00
 1.0000E+01   1.179400776062528D+01   1.231350486430748D+01   1.044903082464213D+01   1.864474039665354D+00
 1.0500E+01   9.695718013786285D+00   1.015667633982359D+01   8.509890231983194D+00   1.646786107840396D+00
 1.1000E+01   8.384419816796198D+00   8.792371272475371D+00   7.332414396760004D+00   1.459956875715367D+00
 1.1400E+01   7.550744245914174D+00   7.925573466930036D+00   6.588494333623619D+00   1.337079133306415D+00
 1.2000E+01   6.520326020272199D+00   6.846874185169231D+00   5.696083369311078D+00   1.150790815858149D+00
 1.2700E+01   6.562920479896589D+00   6.800426339737614D+00   5.892012979132533D+00   9.084133606050810D-01
 1.3500E+01   7.637488600195778D+00   7.817503114927057D+00   7.066401663136575D+00   7.511014517904840D-01
 1.5000E+01   8.023185851156168D+00   8.151797554280950D+00   7.560454443614669D+00   5.913431106662845D-01
 1.6500E+01   8.943344910756592D+00   9.057249001868460D+00   8.515821229033383D+00   5.414277728350767D-01
 1.8000E+01   7.924003297830033D+00   8.029089133106638D+00   7.524841715464277D+00   5.042474176423625D-01
 1.9000E+01   6.979227107761067D+00   7.070141452411816D+00   6.616035336933701D+00   4.541061154781150D-01
 2.0000E+01   5.789138128959133D+00   5.867038591124418D+00   5.466359400530237D+00   4.006791905941803D-01
 2.1000E+01   5.032708536819531D+00   5.094938989364641D+00   4.756416236948371D+00   3.385227524162685D-01
 2.3000E+01   4.252412009395093D+00   4.290908865743003D+00   4.045623503345520D+00   2.452853623974824D-01
 2.5000E+01   4.211893506296616D+00   4.236263088341942D+00   4.054052922158107D+00   1.822101661838338D-01
 2.6500E+01   4.487642729542727D+00   4.507871416233364D+00   4.347634508849888D+00   1.602369073834762D-01
 2.7500E+01   4.350187980722062D+00   4.368123770616316D+00   4.220859146965626D+00   1.472646236506893D-01
 2.9500E+01   4.085141812174252D+00   4.099698019689813D+00   3.974038546857650D+00   1.256594728321606D-01
 3.1500E+01   3.349107895980981D+00   3.360688615038901D+00   3.256274123199191D+00   1.044144918397103D-01
 3.3100E+01   2.889639685232748D+00   2.898469235793270D+00   2.811106895801681D+00   8.736233999159075D-02
 3.4500E+01   2.534522485530003D+00   2.541630633639236D+00   2.466705981716497D+00   7.492465192273846D-02
 3.6000E+01   2.280814099430213D+00   2.286555883027974D+00   2.222873284681322D+00   6.368259834665155D-02
 3.7000E+01   2.157342442249719D+00   2.162201231648632D+00   2.105359279184371D+00   5.684195246426230D-02
 3.8500E+01   2.000889943507775D+00   2.004556576839049D+00   1.955837376114454D+00   4.871920072459569D-02
 4.0000E+01   1.830440182053926D+00   1.833448230469743D+00   1.791340206856390D+00   4.210802361335433D-02
 4.2000E+01   1.611023025893662D+00   1.613333628018367D+00   1.578718224873194D+00   3.461540314517349D-02
 4.3350E+01   1.508215185451748D+00   1.510062374956313D+00   1.479797414132303D+00   3.026496082401005D-02
 4.5540E+01   1.382287745868019D+00   1.383682629515981D+00   1.358889187675177D+00   2.479344184080504D-02
 5.0000E+01   1.193083156460097D+00   1.193930676658998D+00   1.176833916130650D+00   1.709676052834756D-02
 6.0000E+01   8.543868186216481D-01   8.547621920275872D-01   8.461895752875823D-01   8.572616740004688D-03
 7.0000E+01   6.416710783720484D-01   6.418659624911892D-01   6.370972736915678D-01   4.768688799621796D-03
 8.5000E+01   4.305751353511172D-01   4.306676932251849D-01   4.285230401626374D-01   2.144653062547413D-03
 1.0000E+02   3.127502127856235D-01   3.127850344958741D-01   3.117487683505954D-01   1.036266145278680D-03
 1.0600E+02   2.802925310046820D-01   2.803150254250074D-01   2.794992869663375D-01   8.157384586698427D-04
 1.1000E+02   2.603053729991244D-01   2.603226014722677D-01   2.596209375688048D-01   7.016639034628221D-04
 1.1500E+02   2.385957800946996D-01   2.386084068626635D-01   2.380226245459357D-01   5.857823167277644D-04
 1.2000E+02   2.208286474933765D-01   2.208380969842325D-01   2.203448921058198D-01   4.932048784126924D-04
 1.2700E+02   1.985199054855808D-01   1.985263878483893D-01   1.981336296920464D-01   3.927581563428641D-04
 1.3300E+02   1.801935356508706D-01   1.801983296814207D-01   1.798720776836050D-01   3.262519978156871D-04
 1.4100E+02   1.598525899831731D-01   1.598558763213322D-01   1.595981258743151D-01   2.577504470171319D-04
 1.4500E+02   1.516492997908159D-01   1.516520466749442D-01   1.514218067850502D-01   2.302398898940716D-04
 1.5000E+02   1.426114634963543D-01   1.426136771122365D-01   1.424128066439913D-01   2.008704682452924D-04
 1.5500E+02   1.345752121124461D-01   1.345770109860945D-01   1.344009493805256D-01   1.760616055688346D-04
 2.0000E+02   8.506866324919814D-02   8.506903388285950D-02   8.500555738080323D-02   6.347650205624709D-05
 2.5000E+02   5.426316272792281D-02   5.426325762429111D-02   5.423726208725387D-02   2.599553703724769D-05
 3.5000E+02   2.984773231726741D-02   2.984774449464374D-02   2.984097776093093D-02   6.766733712800534D-06
 4.5000E+02   1.655250567925700D-02   1.655250832668519D-02   1.655002394677236D-02   2.484379912834078D-06
 5.0000E+02   1.210864933383253D-02   1.210865072511606D-02   1.210702224836759D-02   1.628476748460478D-06
 6.0000E+02   7.539969157734125D-03   7.539969611908596D-03   7.539186669162199D-03   7.829427463980009D-07
 8.0000E+02   3.990635309128830D-03   3.990635385013910D-03   3.990388676776907D-03   2.467082370030685D-07
 1.0000E+03   2.800715323574552D-03   2.800715341775582D-03   2.800614552353856D-03   1.007894217258904D-07
 1.3000E+03   1.968214885277497D-03   1.968214888273282D-03   1.968179661306402D-03   3.522696688054206D-08
 1.5000E+03   1.620252980256398D-03   1.620252981262856D-03   1.620233124529613D-03   1.985673324259653D-08
 2.0000E+03   1.081620290505352D-03   1.081620290682174D-03   1.081614031525501D-03   6.259156673418230D-09
 2.6000E+03   7.530647612430264D-04   7.530647612795449D-04   7.530625573870100D-04   2.203892534751939D-09
 3.0000E+03   6.193235283450544D-04   6.193235283601798D-04   6.193222886736294D-04   1.239686550621131D-09
 5.7000E+03   2.576974309420901D-04   2.576974309422967D-04   2.576973360377653D-04   9.490453144751124D-11
 9.6000E+03   1.256506848603835D-04   1.256506848603835D-04   1.256506730955026D-04   1.176488090214436D-11
 3.0000E+04   2.509986878212104D-05   2.509986878212104D-05   2.509986865917311D-05   1.229479408603737D-13
 1.0000E+05   5.811391055953889D-06   5.811391055953896D-06   5.811391054952320D-06   1.001574315373849D-15
