 1.0000E-01   1.488470484608837D+02   1.842561451409434D+02   1.278558883049517D+02   5.640025683599174D+01
 1.0500E-01   1.311732730280084D+02   1.657272441378377D+02   1.109501733133068D+02   5.477707082453094D+01
 1.2500E-01   9.946794046176821D+01   1.311259444195330D+02   8.068505314280175D+01   5.044089127673128D+01
 1.4000E-01   8.674028138877075D+01   1.166127996218277D+02   6.864062983494638D+01   4.797216978688125D+01
 1.5500E-01   7.585903374785678D+01   1.043043188053674D+02   5.835438222309572D+01   4.594993658227167D+01
 1.7500E-01   6.171566937442285D+01   8.881445941567321D+01   4.455001068590850D+01   4.426444872976471D+01
 2.0000E-01   5.147212994602865D+01   7.715694920273256D+01   3.454595557963464D+01   4.261099362309794D+01
 2.2000E-01   4.651354361179693D+01   7.106753918265922D+01   2.985049625405284D+01   4.121704292860638D+01
 2.5000E-01   4.086925903057742D+01   6.375653382559480D+01   2.516304527715072D+01   3.859348854844409D+01
 3.0000E-01   3.471144524735006D+01   5.516151077612417D+01   2.037284488340032D+01   3.478866589272385D+01
 3.1750E-01   3.270591016448522D+01   5.246844785100109D+01   1.872546964150037D+01   3.374297820950070D+01
 3.5000E-01   2.925908626132328D+01   4.819878553383970D+01   1.522308066943242D+01   3.297570486440726D+01
 4.0000E-01   2.544100800928293D+01   4.288731385306438D+01   1.219778177021256D+01   3.068953208285183D+01
 4.5000E-01   2.272904029279591D+01   3.885621647626787D+01   1.018380891153753D+01   2.867240756473033D+01
 5.3000E-01   1.934375435342017D+01   3.378077187493608D+01   7.880662847877722D+00   2.590010902705836D+01
 5.7000E-01   1.810460035441601D+01   3.182286149564779D+01   7.022617886614514D+00   2.480024360903327D+01
 6.5000E-01   1.592463280258088D+01   2.841939898265740D+01   5.661957733540437D+00   2.275744124911696D+01
 7.3000E-01   1.442031423412948D+01   2.591015857319173D+01   4.822055779201959D+00   2.108810279398978D+01
 8.5000E-01   1.269451407760899D+01   2.291483018688451D+01   3.932877009850758D+00   1.898195317703375D+01
 1.0000E+00   1.110157903556119D+01   2.010771158252616D+01   3.176804714021273D+00   1.693090686850489D+01
 1.1500E+00   9.851467418477785D+00   1.793376508331089D+01   2.622511466576167D+00   1.531125361673472D+01
 1.3000E+00   8.829513696803588D+00   1.616590958560614D+01   2.181771259475810D+00   1.398413832613033D+01
 1.3500E+00   8.531506842541775D+00   1.565770914632344D+01   2.062472187080182D+00   1.359523695924326D+01
 1.4000E+00   8.259091238295809D+00   1.516330045653854D+01   1.953205813736748D+00   1.321009464280178D+01
 1.5300E+00   7.584679540598399D+00   1.397716721416871D+01   1.702978872409380D+00   1.227418834175934D+01
 1.6500E+00   7.049135731426467D+00   1.300093328469369D+01   1.514560534862838D+00   1.148637274983085D+01
 1.8000E+00   6.458343646926767D+00   1.189963666153140D+01   1.319174774071809D+00   1.058046188745959D+01
 1.9000E+00   6.114299864589161D+00   1.123575204086660D+01   1.207891752300403D+00   1.002786028856620D+01
 2.0000E+00   5.784995540433233D+00   1.060535562797143D+01   1.109234652842102D+00   9.496120975129326D+00
 2.1500E+00   5.342401460819225D+00   9.735890528684354D+00   9.812373739699702D-01   8.754653154714383D+00
 2.2700E+00   5.022866609209634D+00   9.100436747703881D+00   8.932224133172300D-01   8.207214334386652D+00
 2.3500E+00   4.826076507461908D+00   8.708177838472311D+00   8.407102389905978D-01   7.867467599481714D+00
 2.5000E+00   4.487811034583920D+00   8.020319909455582D+00   7.536342213175130D-01   7.266685688138068D+00
 2.7500E+00   3.990300173587045D+00   7.009456130498020D+00   6.352028132502257D-01   6.374253317247796D+00
 2.9000E+00   3.730520096619586D+00   6.479441339988567D+00   5.769496825414653D-01   5.902491657447101D+00
 3.1000E+00   3.415946743012931D+00   5.844692050096896D+00   5.108401388228379D-01   5.333851911274061D+00
 3.3500E+00   3.071957434950583D+00   5.154347288485317D+00   4.430874085176592D-01   4.711259879967660D+00
 3.5000E+00   2.887942058397856D+00   4.786228699318750D+00   4.090335807866427D-01   4.377195118532107D+00
 3.7500E+00   2.612159013500924D+00   4.239891230351572D+00   3.609199905450452D-01   3.878971239806527D+00
 4.0000E+00   2.370693601745623D+00   3.767956278085282D+00   3.207630905907279D-01   3.447193187494554D+00
 4.5200E+00   1.955316127714061D+00   2.977780402181851D+00   2.607009178352634D-01   2.717079484346587D+00
 4.8000E+00   1.776855975430997D+00   2.642838305901611D+00   2.459071085449518D-01   2.396931197356658D+00
 5.0000E+00   1.664138844264290D+00   2.433503193905430D+00   2.392287776908850D-01   2.194274416214546D+00
 5.3000E+00   1.509095034919071D+00   2.154940282063614D+00   2.295252341641300D-01   1.925415047899484D+00
 5.6000E+00   1.365263961833502D+00   1.906933792100721D+00   2.163328363082567D-01   1.690600955792464D+00
 5.9000E+00   1.229694414783924D+00   1.680772315201290D+00   2.006767335895610D-01   1.480095581611729D+00
 6.7500E+00   9.294062777238346D-01   1.183270294514545D+00   1.822065622630148D-01   1.001063732251529D+00
 7.5500E+00   7.272213810337741D-01   8.250526126847961D-01   2.118441561674654D-01   6.132084565173311D-01
 8.2500E+00   2.378863660797395D+00   2.425061496890160D+00   1.970162371436398D+00   4.548991254537611D-01
 8.7000E+00   4.853716155065658D+00   4.909628796001164D+00   4.430859164692026D+00   4.787696313091410D-01
 9.0000E+00   7.033103039695449D+00   7.104470545896024D+00   6.562877976707447D+00   5.415925691885779D-01
 9.3000E+00   8.920726341061160D+00   9.013903006429645D+00   8.369793113765615D+00   6.441098926640298D-01
 9.7500E+00   8.211865703137928D+00   8.324435323104426D+00   7.596413932015042D+00   7.280213910893807D-01
 1.0000E+01   7.000604123014757D+00   7.116486035853419D+00   6.398845313422070D+00   7.176407224313506D-01
 1.0500E+01   5.036119691199278D+00   5.154762639490496D+00   4.489315189399124D+00   6.654474500913741D-01
 1.1000E+01   3.582648157423247D+00   3.704256689940256D+00   3.095298818073122D+00   6.089578718671320D-01
 1.1400E+01   2.643481736300991D+00   2.767797189152339D+00   2.200672995390180D+00   5.671241937621581D-01
 1.2000E+01   1.547185088584115D+00   1.665165761498590D+00   1.173982488061110D+00   4.911832734374792D-01
 1.2700E+01   1.185973649818533D+00   1.265556895172706D+00   9.046968407676368D-01   3.608600544050700D-01
 1.3500E+01   1.132431014986770D+00   1.183024591298427D+00   9.150705421785091D-01   2.679540491199179D-01
 1.5000E+01   1.360505853690960D+00   1.378275608832810D+00   1.223131992541083D+00   1.551436162917270D-01
 1.6500E+01   2.759281232605805D+00   2.770816468883683D+00   2.643230911459238D+00   1.275855574244445D-01
 1.8000E+01   3.695892469797352D+00   3.710385252579633D+00   3.564554305471282D+00   1.458309471083519D-01
 1.9000E+01   3.346662287208746D+00   3.361542590718851D+00   3.216086910992694D+00   1.454556797261562D-01
 2.0000E+01   2.879193071175097D+00   2.893387834489040D+00   2.757450378898535D+00   1.359374555905039D-01
 2.1000E+01   2.479864616782661D+00   2.492938960384170D+00   2.369438834042488D+00   1.235001263416826D-01
 2.3000E+01   1.922271040029974D+00   1.932872148167770D+00   1.832920481788341D+00   9.995166637942814D-02
 2.5000E+01   1.542977379775663D+00   1.551535363710155D+00   1.470550401946833D+00   8.098496176332148D-02
 2.6500E+01   1.315785665549145D+00   1.323082625034823D+00   1.254015637183357D+00   6.906698785146562D-02
 2.7500E+01   1.188779077798188D+00   1.195314221394232D+00   1.133294124540405D+00   6.202009685382621D-02
 2.9500E+01   9.767863965170090D-01   9.819465618314829D-01   9.320990051996636D-01   4.984755663181920D-02
 3.1500E+01   8.083981900303040D-01   8.123465461082516D-01   7.724866242068311D-01   3.985992190142063D-02
 3.3100E+01   6.991922538373720D-01   7.023158443314499D-01   6.690531248044229D-01   3.326271952702656D-02
 3.4500E+01   6.192413758014146D-01   6.217608750631105D-01   5.933796515153933D-01   2.838122354771748D-02
 3.6000E+01   5.491252201601482D-01   5.511106108655507D-01   5.271445750170709D-01   2.396603584847981D-02
 3.7000E+01   5.102150124528968D-01   5.119057373366457D-01   4.904568693696522D-01   2.144886796699330D-02
 3.8500E+01   4.604493404946113D-01   4.617793544251425D-01   4.435551509672927D-01   1.822420345784958D-02
 4.0000E+01   4.192092823355700D-01   4.202578768867444D-01   4.047074265047517D-01   1.555045038199276D-02
 4.2000E+01   3.757889676686323D-01   3.765578727308444D-01   3.638764714261860D-01   1.268140130465839D-02
 4.3350E+01   3.519759701714676D-01   3.526043085507867D-01   3.414929691330187D-01   1.111133941776804D-02
 4.5540E+01   3.195260943281243D-01   3.199856391305969D-01   3.109356808726537D-01   9.049958257943296D-03
 5.0000E+01   2.680123348042788D-01   2.682677880469452D-01   2.621241412116502D-01   6.143646835294853D-03
 6.0000E+01   1.923756438781714D-01   1.924582412186976D-01   1.895573126232712D-01   2.900928595426353D-03
 7.0000E+01   1.441737577509433D-01   1.442060838999565D-01   1.426589199609880D-01   1.547163938968473D-03
 8.5000E+01   9.676911557935439D-02   9.677899343004089D-02   9.607852075928613D-02   7.004726707547308D-04
 1.0000E+02   7.314229438570166D-02   7.314593902148606D-02   7.278477350087631D-02   3.611655206097583D-04
 1.0600E+02   6.664849664749470D-02   6.665105721562031D-02   6.636571998972310D-02   2.853372258972269D-04
 1.1000E+02   6.279841350728707D-02   6.280046095737661D-02   6.255474404280867D-02   2.457169145679346D-04
 1.1500E+02   5.845159501127612D-02   5.845316131389123D-02   5.824775212805516D-02   2.054091858360501D-04
 1.2000E+02   5.455853024160033D-02   5.455974262616026D-02   5.438668479546790D-02   1.730578306923767D-04
 1.2700E+02   4.974417721023772D-02   4.974503953141173D-02   4.960727200220125D-02   1.377675292104797D-04
 1.3300E+02   4.611690418632229D-02   4.611755777570858D-02   4.600312056643319D-02   1.144372092753931D-04
 1.4100E+02   4.186518639588400D-02   4.186564679138639D-02   4.177514062400676D-02   9.050616737962228D-05
 1.4500E+02   3.995686949187222D-02   3.995725875673083D-02   3.987636977813400D-02   8.088897859684047D-05
 1.5000E+02   3.774208879064834D-02   3.774240645678630D-02   3.767180913879073D-02   7.059731799556265D-05
 1.5500E+02   3.570518697936646D-02   3.570544792948399D-02   3.564355784213506D-02   6.189008734891677D-05
 2.0000E+02   2.308935424738826D-02   2.308941077115424D-02   2.306715983848832D-02   2.225093266591565D-05
 2.5000E+02   1.568195187315084D-02   1.568196665092505D-02   1.567288183683230D-02   9.084814092754637D-06
 3.5000E+02   8.951378222704379D-03   8.951380162495639D-03   8.949031747301222D-03   2.348415194415356D-06
 4.5000E+02   6.546943426376142D-03   6.546943852222421D-03   6.546088478256877D-03   8.553739655477160D-07
 5.0000E+02   5.888875124709465D-03   5.888875351286574D-03   5.888314275282118D-03   5.610760044577552D-07
 6.0000E+02   4.615221086132165D-03   4.615221162324389D-03   4.614950520640903D-03   2.706416834864318D-07
 8.0000E+02   3.241155014435572D-03   3.241155027974067D-03   3.241069616934597D-03   8.541103947011708D-08
 1.0000E+03   2.490200861846206D-03   2.490200865397510D-03   2.490165935116791D-03   3.493028071893746D-08
 1.3000E+03   1.819841016505129D-03   1.819841017240955D-03   1.819828813852976D-03   1.220338797964332D-08
 1.5000E+03   1.528592520915376D-03   1.528592521227123D-03   1.528585644702967D-03   6.876524155983776D-09
 2.0000E+03   1.067756463158316D-03   1.067756463213572D-03   1.067754293503535D-03   2.169710036870548D-09
 2.6000E+03   7.637963041110615D-04   7.637963041224164D-04   7.637955462265691D-04   7.578958473245417D-10
 3.0000E+03   6.353770804859949D-04   6.353770804907513D-04   6.353766533938810D-04   4.270968704802277D-10
 5.7000E+03   2.733273495373216D-04   2.733273495373979D-04   2.733273170145704D-04   3.252282757643325D-11
 9.6000E+03   1.304271222111949D-04   1.304271222111949D-04   1.304271182080833D-04   4.003111661774054D-12
 3.0000E+04   2.332524175832800D-05   2.332524175832800D-05   2.332524171699865D-05   4.132935752822819D-14
 1.0000E+05   3.871960203917232D-06   3.871960203917232D-06   3.871960203578203D-06   3.390286490076014D-16
