  10000.000          0.320635E-02
   9772.372          0.335036E-02
   9549.926          0.349980E-02
   9332.543          0.365253E-02
   9120.108          0.381147E-02
   8912.509          0.397681E-02
   8709.636          0.414876E-02
   8511.380          0.432756E-02
   8317.638          0.451351E-02
   8128.305          0.470695E-02
   7943.282          0.490820E-02
   7762.471          0.511760E-02
   7585.776          0.533544E-02
   7413.102          0.556195E-02
   7244.360          0.579736E-02
   7079.458          0.604186E-02
   6918.310          0.629565E-02
   6760.830          0.655899E-02
   6606.934          0.683218E-02
   6456.542          0.711563E-02
   6309.573          0.740978E-02
   6165.950          0.771511E-02
   6025.596          0.803210E-02
   5888.437          0.836122E-02
   5754.399          0.870286E-02
   5623.413          0.905661E-02
   5495.409          0.942233E-02
   5370.318          0.980044E-02
   5248.075          0.101910E-01
   5128.614          0.105940E-01
   5011.872          0.110098E-01
   4897.788          0.114385E-01
   4786.301          0.118804E-01
   4677.351          0.123361E-01
   4570.882          0.128058E-01
   4466.836          0.132898E-01
   4365.158          0.137886E-01
   4265.795          0.143022E-01
   4168.694          0.148307E-01
   4073.803          0.153740E-01
   3981.072          0.159320E-01
   3890.451          0.165045E-01
   3801.894          0.170911E-01
   3715.352          0.176917E-01
   3630.781          0.183060E-01
   3548.134          0.189338E-01
   3467.369          0.195748E-01
   3388.442          0.202290E-01
   3311.311          0.208960E-01
   3235.937          0.215758E-01
   3162.278          0.222681E-01
   3090.295          0.229727E-01
   3019.952          0.236893E-01
   2951.209          0.244147E-01
   2884.032          0.251509E-01
   2818.383          0.258985E-01
   2754.229          0.266572E-01
   2691.535          0.274263E-01
   2630.268          0.282053E-01
   2570.396          0.290078E-01
   2511.886          0.298337E-01
   2454.709          0.306681E-01
   2398.833          0.315102E-01
   2344.229          0.323590E-01
   2290.868          0.332138E-01
   2238.721          0.340737E-01
   2187.762          0.349377E-01
   2137.962          0.358052E-01
   2089.296          0.366752E-01
   2041.738          0.375470E-01
   1995.262          0.384152E-01
   1949.845          0.392408E-01
   1905.461          0.400616E-01
   1862.087          0.408770E-01
   1819.701          0.416863E-01
   1778.279          0.424888E-01
   1737.801          0.432839E-01
   1698.244          0.440710E-01
   1659.587          0.448497E-01
   1621.810          0.456194E-01
   1584.893          0.463797E-01
   1548.817          0.471304E-01
   1513.561          0.478710E-01
   1479.108          0.486224E-01
   1445.440          0.493803E-01
   1412.538          0.501321E-01
   1380.384          0.508780E-01
   1348.963          0.516181E-01
   1318.257          0.523524E-01
   1288.250          0.531202E-01
   1258.925          0.539439E-01
   1230.269          0.547644E-01
   1202.264          0.555820E-01
   1174.898          0.563968E-01
   1148.154          0.572091E-01
   1122.018          0.580192E-01
   1096.478          0.588273E-01
   1071.519          0.596339E-01
   1047.129          0.604392E-01
   1023.293          0.612438E-01
   1000.000          0.620480E-01
    977.237          0.628808E-01
    954.993          0.637100E-01
    933.254          0.645361E-01
    912.011          0.653595E-01
    891.251          0.661806E-01
    870.964          0.669999E-01
    851.138          0.678179E-01
    831.764          0.686350E-01
    812.831          0.694519E-01
    794.328          0.702404E-01
    776.247          0.709606E-01
    758.578          0.716750E-01
    741.310          0.723841E-01
    724.436          0.730886E-01
    707.946          0.737892E-01
    691.831          0.744865E-01
    676.083          0.751812E-01
    660.693          0.758739E-01
    645.654          0.765653E-01
    630.957          0.772561E-01
    616.595          0.779471E-01
    602.560          0.786387E-01
    588.844          0.792252E-01
    575.440          0.797850E-01
    562.341          0.803424E-01
    549.541          0.808982E-01
    537.032          0.814531E-01
    524.807          0.820076E-01
    512.861          0.825625E-01
    501.187          0.831184E-01
    489.779          0.835526E-01
    478.630          0.839707E-01
    467.735          0.843871E-01
    457.088          0.848024E-01
    446.684          0.851707E-01
    436.516          0.854398E-01
    426.580          0.857076E-01
    416.869          0.859749E-01
    407.380          0.862419E-01
    398.107          0.865093E-01
    389.045          0.867774E-01
    380.189          0.870466E-01
    371.535          0.873175E-01
    363.078          0.875903E-01
    354.813          0.878655E-01
    346.737          0.881061E-01
    338.844          0.882973E-01
    331.131          0.884943E-01
    323.594          0.886973E-01
    316.228          0.889066E-01
    309.030          0.891222E-01
    301.995          0.893444E-01
    295.121          0.895734E-01
    288.403          0.898092E-01
    281.838          0.900520E-01
    275.423          0.903020E-01
    269.153          0.905594E-01
    263.027          0.908242E-01
    257.040          0.910967E-01
    251.189          0.913770E-01
    245.471          0.918124E-01
    239.883          0.922982E-01
    234.423          0.927969E-01
    229.087          0.933087E-01
    223.872          0.938338E-01
    218.776          0.943726E-01
    213.796          0.949252E-01
    208.930          0.954919E-01
    204.174          0.960730E-01
    199.526          0.966458E-01
    194.984          0.970315E-01
    190.546          0.974277E-01
    186.209          0.978346E-01
    181.970          0.982521E-01
    177.828          0.986806E-01
    173.780          0.991201E-01
    169.824          0.995708E-01
    165.959          0.100033E+00
    162.181          0.100507E+00
    158.489          0.100992E+00
    154.882          0.101486E+00
    151.356          0.101893E+00
    147.911          0.102347E+00
    144.544          0.102834E+00
    141.254          0.103329E+00
    138.038          0.103879E+00
    134.896          0.104445E+00
    131.826          0.105028E+00
    128.825          0.105630E+00
    125.893          0.106236E+00
    123.027          0.106842E+00
    120.226          0.107462E+00
    117.490          0.108055E+00
    114.815          0.108658E+00
    112.202          0.109255E+00
    109.648          0.109864E+00
    107.152          0.110470E+00
    104.713          0.111149E+00
    102.329          0.111896E+00
    100.000          0.112662E+00
     97.724          0.114093E+00
     95.499          0.115557E+00
     93.325          0.117053E+00
     91.201          0.118585E+00
     89.125          0.120151E+00
     87.096          0.121754E+00
     85.114          0.123395E+00
     83.176          0.127339E+00
     81.283          0.131505E+00
     79.433          0.135756E+00
     77.625          0.140095E+00
     75.858          0.144524E+00
     74.131          0.149048E+00
     72.444          0.153668E+00
     70.795          0.158387E+00
     69.183          0.164452E+00
     67.608          0.171827E+00
     66.069          0.179325E+00
     64.565          0.186953E+00
     63.096          0.194715E+00
     61.660          0.202618E+00
     60.256          0.210668E+00
     58.884          0.230634E+00
     57.544          0.253809E+00
     56.234          0.277575E+00
     54.954          0.301947E+00
     53.703          0.326940E+00
     52.481          0.352569E+00
     51.286          0.378852E+00
     50.119          0.405805E+00
     48.978          0.440488E+00
     47.863          0.476548E+00
     46.774          0.513191E+00
     45.709          0.550441E+00
     44.668          0.633199E+00
     43.652          0.730335E+00
     42.658          0.695705E+00
     41.687          0.651896E+00
     40.738          0.714491E+00
     39.811          0.818582E+00
     38.905          0.111651E+01
     38.019          0.113564E+01
     37.154          0.884090E+00
     36.308          0.757080E+00
     35.481          0.796868E+00
     34.674          0.917372E+00
     33.884          0.103494E+01
     33.113          0.115867E+01
     32.359          0.107527E+01
     31.623          0.984705E+00
     30.903          0.972255E+00
     30.200          0.975002E+00
     29.512          0.976655E+00
     28.840          0.101345E+01
     28.184          0.105151E+01
     27.542          0.109023E+01
     26.915          0.112406E+01
     26.303          0.117155E+01
     25.704          0.124945E+01
     25.119          0.132951E+01
     24.547          0.139546E+01
     23.988          0.145917E+01
     23.442          0.152489E+01
     22.909          0.159148E+01
     22.387          0.165420E+01
     21.878          0.171838E+01
     21.380          0.178403E+01
     20.893          0.184845E+01
     20.417          0.190417E+01
     19.953          0.195874E+01
     19.498          0.200173E+01
     19.055          0.204582E+01
     18.621          0.204707E+01
     18.197          0.204494E+01
     17.783          0.199616E+01
     17.378          0.189929E+01
     16.982          0.179529E+01
     16.596          0.168101E+01
     16.218          0.154165E+01
     15.849          0.139255E+01
     15.488          0.124076E+01
     15.136          0.108793E+01
     14.791          0.100951E+01
     14.454          0.981273E+00
     14.125          0.955632E+00
     13.804          0.932430E+00
     13.490          0.912299E+00
     13.183          0.921860E+00
     12.882          0.933232E+00
     12.589          0.973517E+00
     12.303          0.105970E+01
     12.023          0.114742E+01
     11.749          0.144018E+01
     11.482          0.175118E+01
     11.220          0.212185E+01
     10.965          0.252448E+01
     10.715          0.293157E+01
     10.471          0.333854E+01
     10.233          0.367084E+01
     10.000          0.400662E+01
      9.772          0.417835E+01
      9.550          0.411742E+01
      9.333          0.412285E+01
      9.120          0.399122E+01
      8.913          0.371822E+01
      8.710          0.323650E+01
      8.511          0.268122E+01
      8.318          0.209511E+01
      8.128          0.170528E+01
      7.943          0.145373E+01
      7.762          0.122771E+01
      7.586          0.102786E+01
      7.413          0.101229E+01
      7.244          0.104611E+01
      7.079          0.108642E+01
      6.918          0.112194E+01
      6.761          0.117012E+01
      6.607          0.121581E+01
      6.457          0.126273E+01
      6.310          0.132433E+01
      6.166          0.137392E+01
      6.026          0.143169E+01
      5.888          0.150195E+01
      5.754          0.155735E+01
      5.623          0.162894E+01
      5.495          0.170217E+01
      5.370          0.175717E+01
      5.248          0.183650E+01
      5.129          0.190271E+01
      5.012          0.195536E+01
      4.898          0.204336E+01
      4.786          0.210039E+01
      4.677          0.215699E+01
      4.571          0.225521E+01
      4.467          0.230558E+01
      4.365          0.237579E+01
      4.266          0.248090E+01
      4.169          0.252444E+01
      4.074          0.261283E+01
      3.981          0.270828E+01
      3.890          0.274767E+01
      3.802          0.286354E+01
      3.715          0.293259E+01
      3.631          0.297535E+01
      3.548          0.311543E+01
      3.467          0.314696E+01
      3.388          0.321880E+01
      3.311          0.335419E+01
      3.236          0.338747E+01
      3.162          0.356419E+01
      3.090          0.362978E+01
      3.020          0.381028E+01
      2.951          0.404199E+01
      2.884          0.419919E+01
      2.818          0.451053E+01
      2.754          0.474006E+01
      2.692          0.513409E+01
      2.630          0.551376E+01
      2.570          0.590257E+01
      2.512          0.629121E+01
      2.455          0.689216E+01
      2.399          0.755964E+01
      2.344          0.821160E+01
      2.291          0.872488E+01
      2.239          0.106936E+02
      2.188          0.136571E+02
      2.138          0.162639E+02
      2.089          0.177719E+02
      2.042          0.193765E+02
      1.995          0.211002E+02
      1.950          0.230420E+02
      1.905          0.250967E+02
      1.862          0.267552E+02
      1.820          0.284333E+02
      1.778          0.295970E+02
      1.738          0.302172E+02
      1.698          0.308250E+02
      1.660          0.314262E+02
      1.622          0.314898E+02
      1.585          0.313382E+02
      1.549          0.311742E+02
      1.514          0.310696E+02
      1.479          0.310768E+02
      1.445          0.310761E+02
      1.413          0.310751E+02
      1.380          0.312467E+02
      1.349          0.315388E+02
      1.318          0.319786E+02
      1.288          0.325160E+02
      1.259          0.332133E+02
      1.230          0.339267E+02
      1.202          0.346495E+02
      1.175          0.353959E+02
      1.148          0.361722E+02
      1.122          0.371397E+02
      1.096          0.381389E+02
      1.072          0.391529E+02
      1.047          0.401994E+02
      1.023          0.412615E+02
      1.000          0.423529E+02
      0.977          0.433045E+02
      0.955          0.442840E+02
      0.933          0.452832E+02
      0.912          0.462949E+02
      0.891          0.473463E+02
      0.871          0.483946E+02
      0.851          0.494749E+02
      0.832          0.500411E+02
      0.813          0.505734E+02
      0.794          0.511149E+02
      0.776          0.516629E+02
      0.759          0.522230E+02
      0.741          0.527890E+02
      0.724          0.533177E+02
      0.708          0.537615E+02
      0.692          0.542151E+02
      0.676          0.546777E+02
      0.661          0.551281E+02
      0.646          0.557338E+02
      0.631          0.565879E+02
      0.617          0.574698E+02
      0.603          0.583524E+02
      0.589          0.592768E+02
      0.575          0.602071E+02
      0.562          0.612902E+02
      0.550          0.624858E+02
      0.537          0.637193E+02
      0.525          0.649870E+02
      0.513          0.663282E+02
      0.501          0.676428E+02
      0.490          0.689969E+02
      0.479          0.704057E+02
      0.468          0.718292E+02
      0.457          0.733016E+02
      0.447          0.746855E+02
      0.437          0.758998E+02
      0.427          0.771263E+02
      0.417          0.784077E+02
      0.407          0.796787E+02
      0.398          0.809681E+02
      0.389          0.821496E+02
      0.380          0.833709E+02
      0.372          0.846165E+02
      0.363          0.858764E+02
      0.355          0.871815E+02
      0.347          0.885630E+02
      0.339          0.901770E+02
      0.331          0.917562E+02
      0.324          0.934154E+02
      0.316          0.950801E+02
      0.309          0.968189E+02
      0.302          0.985852E+02
      0.295          0.100382E+03
      0.288          0.102184E+03
      0.282          0.104004E+03
      0.275          0.105880E+03
      0.269          0.107796E+03
      0.263          0.109737E+03
      0.257          0.111742E+03
      0.251          0.113852E+03
      0.245          0.115828E+03
      0.240          0.117829E+03
      0.234          0.119890E+03
      0.229          0.121944E+03
      0.224          0.124096E+03
      0.219          0.126272E+03
      0.214          0.128430E+03
      0.209          0.130679E+03
      0.204          0.132972E+03
      0.200          0.135399E+03
      0.195          0.138645E+03
      0.191          0.141987E+03
      0.186          0.145420E+03
      0.182          0.148927E+03
      0.178          0.152557E+03
      0.174          0.156998E+03
      0.170          0.163197E+03
      0.166          0.169571E+03
      0.162          0.176141E+03
      0.158          0.182884E+03
      0.155          0.189822E+03
      0.151          0.195814E+03
      0.148          0.201999E+03
      0.145          0.208356E+03
      0.141          0.214888E+03
      0.138          0.221348E+03
      0.135          0.227751E+03
      0.132          0.234372E+03
      0.129          0.241287E+03
      0.126          0.248211E+03
      0.123          0.256305E+03
      0.120          0.265004E+03
      0.117          0.273956E+03
      0.115          0.283232E+03
      0.112          0.292780E+03
      0.110          0.302655E+03
      0.107          0.312763E+03
      0.105          0.323539E+03
      0.102          0.337028E+03
      0.100          0.350966E+03
