  10000.000          0.359352E-04
   9772.372          0.373652E-04
   9549.926          0.388601E-04
   9332.543          0.404793E-04
   9120.108          0.421205E-04
   8912.509          0.438267E-04
   8709.636          0.456005E-04
   8511.380          0.474447E-04
   8317.638          0.493622E-04
   8128.305          0.514024E-04
   7943.282          0.534779E-04
   7762.471          0.556362E-04
   7585.776          0.578810E-04
   7413.102          0.602159E-04
   7244.360          0.626447E-04
   7079.458          0.652227E-04
   6918.310          0.678540E-04
   6760.830          0.705919E-04
   6606.934          0.734410E-04
   6456.542          0.764064E-04
   6309.573          0.795478E-04
   6165.950          0.827637E-04
   6025.596          0.861120E-04
   5888.437          0.895987E-04
   5754.399          0.932299E-04
   5623.413          0.969957E-04
   5495.409          0.100963E-03
   5370.318          0.105028E-03
   5248.075          0.109255E-03
   5128.614          0.113652E-03
   5011.872          0.118226E-03
   4897.788          0.122984E-03
   4786.301          0.127999E-03
   4677.351          0.133150E-03
   4570.882          0.138510E-03
   4466.836          0.144085E-03
   4365.158          0.149887E-03
   4265.795          0.155924E-03
   4168.694          0.162279E-03
   4073.803          0.168820E-03
   3981.072          0.175628E-03
   3890.451          0.182715E-03
   3801.894          0.190091E-03
   3715.352          0.197771E-03
   3630.781          0.205846E-03
   3548.134          0.214175E-03
   3467.369          0.222848E-03
   3388.442          0.231881E-03
   3311.311          0.241289E-03
   3235.937          0.251088E-03
   3162.278          0.261387E-03
   3090.295          0.272028E-03
   3019.952          0.283116E-03
   2951.209          0.294509E-03
   2884.032          0.306303E-03
   2818.383          0.318674E-03
   2754.229          0.331456E-03
   2691.535          0.344762E-03
   2630.268          0.358613E-03
   2570.396          0.372981E-03
   2511.886          0.387879E-03
   2454.709          0.403489E-03
   2398.833          0.419633E-03
   2344.229          0.436438E-03
   2290.868          0.453931E-03
   2238.721          0.472144E-03
   2187.762          0.491218E-03
   2137.962          0.510967E-03
   2089.296          0.531534E-03
   2041.738          0.552952E-03
   1995.262          0.575239E-03
   1949.845          0.598262E-03
   1905.461          0.622351E-03
   1862.087          0.647303E-03
   1819.701          0.673278E-03
   1778.279          0.700326E-03
   1737.801          0.728486E-03
   1698.244          0.757934E-03
   1659.587          0.788465E-03
   1621.810          0.820260E-03
   1584.893          0.853370E-03
   1548.817          0.887881E-03
   1513.561          0.923763E-03
   1479.108          0.961094E-03
   1445.440          0.999708E-03
   1412.538          0.103975E-02
   1380.384          0.108161E-02
   1348.963          0.112521E-02
   1318.257          0.117030E-02
   1288.250          0.121801E-02
   1258.925          0.126593E-02
   1230.269          0.131592E-02
   1202.264          0.137035E-02
   1174.898          0.142322E-02
   1148.154          0.148547E-02
   1122.018          0.153285E-02
   1096.478          0.159825E-02
   1071.519          0.166806E-02
   1047.129          0.172593E-02
   1023.293          0.183055E-02
   1000.000          0.205226E-02
    977.237          0.194760E-02
    954.993          0.202876E-02
    933.254          0.208532E-02
    912.011          0.213649E-02
    891.251          0.215526E-02
    870.964          0.201318E-02
    851.138          0.200530E-02
    831.764          0.244749E-02
    812.831          0.258844E-02
    794.328          0.262453E-02
    776.247          0.258117E-02
    758.578          0.291090E-02
    741.310          0.291394E-02
    724.436          0.302920E-02
    707.946          0.320287E-02
    691.831          0.331707E-02
    676.083          0.331604E-02
    660.693          0.353694E-02
    645.654          0.361875E-02
    630.957          0.381338E-02
    616.595          0.390991E-02
    602.560          0.386406E-02
    588.844          0.418134E-02
    575.440          0.435953E-02
    562.341          0.454581E-02
    549.541          0.461424E-02
    537.032          0.453010E-02
    524.807          0.489498E-02
    512.861          0.517607E-02
    501.187          0.527356E-02
    489.779          0.534740E-02
    478.630          0.569953E-02
    467.735          0.590220E-02
    457.088          0.584538E-02
    446.684          0.602655E-02
    436.516          0.649937E-02
    426.580          0.669619E-02
    416.869          0.669219E-02
    407.380          0.711890E-02
    398.107          0.724857E-02
    389.045          0.765565E-02
    380.189          0.777185E-02
    371.535          0.805536E-02
    363.078          0.832422E-02
    354.813          0.869499E-02
    346.737          0.884278E-02
    338.844          0.913276E-02
    331.131          0.944016E-02
    323.594          0.989020E-02
    316.228          0.100207E-01
    309.030          0.102396E-01
    301.995          0.105915E-01
    295.121          0.111857E-01
    288.403          0.113908E-01
    281.838          0.114948E-01
    275.423          0.120459E-01
    269.153          0.120945E-01
    263.027          0.127519E-01
    257.040          0.138545E-01
    251.189          0.140334E-01
    245.471          0.142511E-01
    239.883          0.156234E-01
    234.423          0.150064E-01
    229.087          0.153582E-01
    223.872          0.157342E-01
    218.776          0.165794E-01
    213.796          0.170565E-01
    208.930          0.180862E-01
    204.174          0.174027E-01
    199.526          0.181348E-01
    194.984          0.190692E-01
    190.546          0.193655E-01
    186.209          0.197324E-01
    181.970          0.210458E-01
    177.828          0.220222E-01
    173.780          0.218258E-01
    169.824          0.233917E-01
    165.959          0.228860E-01
    162.181          0.239709E-01
    158.489          0.247482E-01
    154.882          0.247662E-01
    151.356          0.259753E-01
    147.911          0.267851E-01
    144.544          0.272954E-01
    141.254          0.274089E-01
    138.038          0.248778E-01
    134.896          0.303863E-01
    131.826          0.206224E-01
    128.825          0.322311E-01
    125.893          0.306873E-01
    123.027          0.343869E-01
    120.226          0.361779E-01
    117.490          0.360500E-01
    114.815          0.389274E-01
    112.202          0.387071E-01
    109.648          0.376039E-01
    107.152          0.422952E-01
    104.713          0.435754E-01
    102.329          0.454516E-01
    100.000          0.465094E-01
     97.724          0.474393E-01
     95.499          0.443885E-01
     93.325          0.543427E-01
     91.201          0.542015E-01
     89.125          0.545731E-01
     87.096          0.535498E-01
     85.114          0.576152E-01
     83.176          0.637177E-01
     81.283          0.651571E-01
     79.433          0.680454E-01
     77.625          0.692989E-01
     75.858          0.746190E-01
     74.131          0.770545E-01
     72.444          0.742606E-01
     70.795          0.798335E-01
     69.183          0.820250E-01
     67.608          0.107461E+00
     66.069          0.102839E+00
     64.565          0.951770E-01
     63.096          0.101536E+00
     61.660          0.103491E+00
     60.256          0.104111E+00
     58.884          0.116091E+00
     57.544          0.117515E+00
     56.234          0.129886E+00
     54.954          0.131099E+00
     53.703          0.135312E+00
     52.481          0.139620E+00
     51.286          0.152515E+00
     50.119          0.156561E+00
     48.978          0.162630E+00
     47.863          0.173104E+00
     46.774          0.174835E+00
     45.709          0.191128E+00
     44.668          0.200159E+00
     43.652          0.206674E+00
     42.658          0.218516E+00
     41.687          0.231438E+00
     40.738          0.245021E+00
     39.811          0.257866E+00
     38.905          0.277214E+00
     38.019          0.287460E+00
     37.154          0.301612E+00
     36.308          0.314633E+00
     35.481          0.340232E+00
     34.674          0.355104E+00
     33.884          0.379641E+00
     33.113          0.398472E+00
     32.359          0.423642E+00
     31.623          0.440963E+00
     30.903          0.478486E+00
     30.200          0.511377E+00
     29.512          0.542806E+00
     28.840          0.576323E+00
     28.184          0.533457E+00
     27.542          0.635021E+00
     26.915          0.693239E+00
     26.303          0.611632E+00
     25.704          0.783996E+00
     25.119          0.827429E+00
     24.547          0.874676E+00
     23.988          0.944767E+00
     23.442          0.101691E+01
     22.909          0.106556E+01
     22.387          0.114038E+01
     21.878          0.122835E+01
     21.380          0.132198E+01
     20.893          0.139714E+01
     20.417          0.149021E+01
     19.953          0.159246E+01
     19.498          0.170013E+01
     19.055          0.181936E+01
     18.621          0.196169E+01
     18.197          0.207107E+01
     17.783          0.221217E+01
     17.378          0.237025E+01
     16.982          0.243058E+01
     16.596          0.273073E+01
     16.218          0.295074E+01
     15.849          0.320309E+01
     15.488          0.342979E+01
     15.136          0.375604E+01
     14.791          0.402659E+01
     14.454          0.442602E+01
     14.125          0.489397E+01
     13.804          0.540926E+01
     13.490          0.588033E+01
     13.183          0.647503E+01
     12.882          0.730088E+01
     12.589          0.809680E+01
     12.303          0.902846E+01
     12.023          0.101642E+02
     11.749          0.110833E+02
     11.482          0.120127E+02
     11.220          0.129082E+02
     10.965          0.136888E+02
     10.715          0.146130E+02
     10.471          0.155020E+02
     10.233          0.164970E+02
     10.000          0.177276E+02
      9.772          0.190015E+02
      9.550          0.206247E+02
      9.333          0.225087E+02
      9.120          0.250461E+02
      8.913          0.288377E+02
      8.710          0.330120E+02
      8.511          0.374053E+02
      8.318          0.422381E+02
      8.128          0.472860E+02
      7.943          0.524606E+02
      7.762          0.578265E+02
      7.586          0.631962E+02
      7.413          0.679745E+02
      7.244          0.723402E+02
      7.079          0.760485E+02
      6.918          0.791224E+02
      6.761          0.811206E+02
      6.607          0.821390E+02
      6.457          0.826293E+02
      6.310          0.824069E+02
      6.166          0.807418E+02
      6.026          0.788943E+02
      5.888          0.766938E+02
      5.754          0.739699E+02
      5.623          0.715419E+02
      5.495          0.685607E+02
      5.370          0.661048E+02
      5.248          0.633088E+02
      5.129          0.606250E+02
      5.012          0.584766E+02
      4.898          0.558352E+02
      4.786          0.534190E+02
      4.677          0.513160E+02
      4.571          0.493680E+02
      4.467          0.475440E+02
      4.365          0.458433E+02
      4.266          0.441424E+02
      4.169          0.426695E+02
      4.074          0.412310E+02
      3.981          0.399515E+02
      3.890          0.387916E+02
      3.802          0.377263E+02
      3.715          0.365966E+02
      3.631          0.357029E+02
      3.548          0.348304E+02
      3.467          0.339530E+02
      3.388          0.332002E+02
      3.311          0.324358E+02
      3.236          0.318234E+02
      3.162          0.311386E+02
      3.090          0.305593E+02
      3.020          0.300394E+02
      2.951          0.295537E+02
      2.884          0.290994E+02
      2.818          0.286031E+02
      2.754          0.281188E+02
      2.692          0.276414E+02
      2.630          0.274752E+02
      2.570          0.271044E+02
      2.512          0.268954E+02
      2.455          0.265376E+02
      2.399          0.263258E+02
      2.344          0.260770E+02
      2.291          0.259303E+02
      2.239          0.257569E+02
      2.188          0.256613E+02
      2.138          0.255469E+02
      2.089          0.253681E+02
      2.042          0.253313E+02
      1.995          0.252756E+02
      1.950          0.252917E+02
      1.905          0.252572E+02
      1.862          0.251595E+02
      1.820          0.252307E+02
      1.778          0.252657E+02
      1.738          0.252709E+02
      1.698          0.253691E+02
      1.660          0.253661E+02
      1.622          0.254896E+02
      1.585          0.256103E+02
      1.549          0.257754E+02
      1.514          0.258882E+02
      1.479          0.259911E+02
      1.445          0.261333E+02
      1.413          0.263074E+02
      1.380          0.265580E+02
      1.349          0.266401E+02
      1.318          0.267710E+02
      1.288          0.269407E+02
      1.259          0.269984E+02
      1.230          0.270883E+02
      1.202          0.271874E+02
      1.175          0.273789E+02
      1.148          0.274977E+02
      1.122          0.275716E+02
      1.096          0.276305E+02
      1.072          0.276446E+02
      1.047          0.277620E+02
      1.023          0.277692E+02
      1.000          0.278309E+02
      0.977          0.279221E+02
      0.955          0.279883E+02
      0.933          0.280363E+02
      0.912          0.281298E+02
      0.891          0.282016E+02
      0.871          0.282485E+02
      0.851          0.283720E+02
      0.832          0.284864E+02
      0.813          0.286058E+02
      0.794          0.287345E+02
      0.776          0.289438E+02
      0.759          0.290444E+02
      0.741          0.292456E+02
      0.724          0.294391E+02
      0.708          0.296565E+02
      0.692          0.298824E+02
      0.676          0.301266E+02
      0.661          0.303429E+02
      0.646          0.306469E+02
      0.631          0.308783E+02
      0.617          0.311735E+02
      0.603          0.314318E+02
      0.589          0.317755E+02
      0.575          0.321170E+02
      0.562          0.325961E+02
      0.550          0.331415E+02
      0.537          0.337003E+02
      0.525          0.343235E+02
      0.513          0.352308E+02
      0.501          0.360938E+02
      0.490          0.370326E+02
      0.479          0.379726E+02
      0.468          0.389572E+02
      0.457          0.399412E+02
      0.447          0.411156E+02
      0.437          0.425478E+02
      0.427          0.441141E+02
      0.417          0.456848E+02
      0.407          0.473051E+02
      0.398          0.490513E+02
      0.389          0.512267E+02
      0.380          0.534660E+02
      0.372          0.557859E+02
      0.363          0.581425E+02
      0.355          0.605624E+02
      0.347          0.631121E+02
      0.339          0.658054E+02
      0.331          0.685631E+02
      0.324          0.714226E+02
      0.316          0.743386E+02
      0.309          0.771344E+02
      0.302          0.799960E+02
      0.295          0.827286E+02
      0.288          0.855036E+02
      0.282          0.883123E+02
      0.275          0.911928E+02
      0.269          0.941770E+02
      0.263          0.972514E+02
      0.257          0.100347E+03
      0.251          0.103581E+03
      0.245          0.105885E+03
      0.240          0.108018E+03
      0.234          0.110224E+03
      0.229          0.112382E+03
      0.224          0.114632E+03
      0.219          0.116193E+03
      0.214          0.115410E+03
      0.209          0.114570E+03
      0.204          0.113670E+03
      0.200          0.112542E+03
      0.195          0.109499E+03
      0.191          0.106456E+03
      0.186          0.103191E+03
      0.182          0.998689E+02
      0.178          0.964616E+02
      0.174          0.932870E+02
      0.170          0.907800E+02
      0.166          0.882196E+02
      0.162          0.855955E+02
      0.158          0.829381E+02
      0.155          0.802322E+02
      0.151          0.781833E+02
      0.148          0.762238E+02
      0.145          0.742258E+02
      0.141          0.720935E+02
      0.138          0.703394E+02
      0.135          0.688058E+02
      0.132          0.672143E+02
      0.129          0.656482E+02
      0.126          0.640610E+02
      0.123          0.628280E+02
      0.120          0.618160E+02
      0.117          0.607737E+02
      0.115          0.597505E+02
      0.112          0.586980E+02
      0.110          0.576535E+02
      0.107          0.565644E+02
      0.105          0.555419E+02
      0.102          0.548445E+02
      0.100          0.541106E+02
