  10000.000          0.244149E-03
   9772.372          0.259062E-03
   9549.926          0.275373E-03
   9332.543          0.294487E-03
   9120.108          0.314967E-03
   8912.509          0.336912E-03
   8709.636          0.360427E-03
   8511.380          0.385627E-03
   8317.638          0.412632E-03
   8128.305          0.441575E-03
   7943.282          0.472591E-03
   7762.471          0.505831E-03
   7585.776          0.541455E-03
   7413.102          0.579634E-03
   7244.360          0.620549E-03
   7079.458          0.664395E-03
   6918.310          0.711381E-03
   6760.830          0.761729E-03
   6606.934          0.815678E-03
   6456.542          0.873481E-03
   6309.573          0.935406E-03
   6165.950          0.100174E-02
   6025.596          0.107280E-02
   5888.437          0.114891E-02
   5754.399          0.123040E-02
   5623.413          0.132201E-02
   5495.409          0.142359E-02
   5370.318          0.153277E-02
   5248.075          0.165006E-02
   5128.614          0.177600E-02
   5011.872          0.191117E-02
   4897.788          0.205614E-02
   4786.301          0.221154E-02
   4677.351          0.237800E-02
   4570.882          0.255618E-02
   4466.836          0.274676E-02
   4365.158          0.295041E-02
   4265.795          0.316785E-02
   4168.694          0.339979E-02
   4073.803          0.364693E-02
   3981.072          0.390997E-02
   3890.451          0.418962E-02
   3801.894          0.448655E-02
   3715.352          0.480140E-02
   3630.781          0.513479E-02
   3548.134          0.548729E-02
   3467.369          0.585941E-02
   3388.442          0.625158E-02
   3311.311          0.666419E-02
   3235.937          0.709750E-02
   3162.278          0.755169E-02
   3090.295          0.802682E-02
   3019.952          0.852284E-02
   2951.209          0.903037E-02
   2884.032          0.955404E-02
   2818.383          0.100971E-01
   2754.229          0.106593E-01
   2691.535          0.112398E-01
   2630.268          0.118382E-01
   2570.396          0.124651E-01
   2511.886          0.131213E-01
   2454.709          0.137947E-01
   2398.833          0.144841E-01
   2344.229          0.151881E-01
   2290.868          0.159052E-01
   2238.721          0.166338E-01
   2187.762          0.173724E-01
   2137.962          0.181191E-01
   2089.296          0.188723E-01
   2041.738          0.196300E-01
   1995.262          0.203893E-01
   1949.845          0.211352E-01
   1905.461          0.218758E-01
   1862.087          0.226092E-01
   1819.701          0.233336E-01
   1778.279          0.240477E-01
   1737.801          0.247499E-01
   1698.244          0.254390E-01
   1659.587          0.261141E-01
   1621.810          0.267741E-01
   1584.893          0.274184E-01
   1548.817          0.280466E-01
   1513.561          0.286581E-01
   1479.108          0.292601E-01
   1445.440          0.298533E-01
   1412.538          0.304341E-01
   1380.384          0.310026E-01
   1348.963          0.315591E-01
   1318.257          0.321041E-01
   1288.250          0.326692E-01
   1258.925          0.332725E-01
   1230.269          0.338665E-01
   1202.264          0.344517E-01
   1174.898          0.350282E-01
   1148.154          0.355967E-01
   1122.018          0.361575E-01
   1096.478          0.367112E-01
   1071.519          0.372583E-01
   1047.129          0.377993E-01
   1023.293          0.383348E-01
   1000.000          0.388655E-01
    977.237          0.394376E-01
    954.993          0.400022E-01
    933.254          0.405599E-01
    912.011          0.411113E-01
    891.251          0.416571E-01
    870.964          0.421980E-01
    851.138          0.427345E-01
    831.764          0.432673E-01
    812.831          0.437971E-01
    794.328          0.443259E-01
    776.247          0.448534E-01
    758.578          0.453760E-01
    741.310          0.458946E-01
    724.436          0.464100E-01
    707.946          0.469230E-01
    691.831          0.474343E-01
    676.083          0.479448E-01
    660.693          0.484551E-01
    645.654          0.489660E-01
    630.957          0.494782E-01
    616.595          0.499923E-01
    602.560          0.505091E-01
    588.844          0.510636E-01
    575.440          0.516297E-01
    562.341          0.522005E-01
    549.541          0.527765E-01
    537.032          0.533586E-01
    524.807          0.539474E-01
    512.861          0.545434E-01
    501.187          0.551475E-01
    489.779          0.558781E-01
    478.630          0.566340E-01
    467.735          0.574026E-01
    457.088          0.581845E-01
    446.684          0.589539E-01
    436.516          0.596828E-01
    426.580          0.604281E-01
    416.869          0.611903E-01
    407.380          0.619702E-01
    398.107          0.627682E-01
    389.045          0.635850E-01
    380.189          0.644211E-01
    371.535          0.652770E-01
    363.078          0.661533E-01
    354.813          0.670506E-01
    346.737          0.679272E-01
    338.844          0.687649E-01
    331.131          0.696259E-01
    323.594          0.705106E-01
    316.228          0.714195E-01
    309.030          0.723529E-01
    301.995          0.733114E-01
    295.121          0.742955E-01
    288.403          0.753055E-01
    281.838          0.763420E-01
    275.423          0.774056E-01
    269.153          0.784967E-01
    263.027          0.796158E-01
    257.040          0.807636E-01
    251.189          0.819406E-01
    245.471          0.836514E-01
    239.883          0.855372E-01
    234.423          0.874700E-01
    229.087          0.894505E-01
    223.872          0.914799E-01
    218.776          0.935591E-01
    213.796          0.956892E-01
    208.930          0.978713E-01
    204.174          0.100107E+00
    199.526          0.102401E+00
    194.984          0.104798E+00
    190.546          0.107253E+00
    186.209          0.109769E+00
    181.970          0.112345E+00
    177.828          0.114985E+00
    173.780          0.117688E+00
    169.824          0.120456E+00
    165.959          0.123292E+00
    162.181          0.126195E+00
    158.489          0.129168E+00
    154.882          0.132219E+00
    151.356          0.135529E+00
    147.911          0.139057E+00
    144.544          0.142793E+00
    141.254          0.146840E+00
    138.038          0.151579E+00
    134.896          0.156479E+00
    131.826          0.161665E+00
    128.825          0.167252E+00
    125.893          0.172813E+00
    123.027          0.178244E+00
    120.226          0.183807E+00
    117.490          0.189484E+00
    114.815          0.195346E+00
    112.202          0.202038E+00
    109.648          0.208947E+00
    107.152          0.216383E+00
    104.713          0.223922E+00
    102.329          0.231578E+00
    100.000          0.239420E+00
     97.724          0.248804E+00
     95.499          0.258416E+00
     93.325          0.268262E+00
     91.201          0.278347E+00
     89.125          0.288676E+00
     87.096          0.299257E+00
     85.114          0.310094E+00
     83.176          0.324590E+00
     81.283          0.339658E+00
     79.433          0.355101E+00
     77.625          0.370929E+00
     75.858          0.387151E+00
     74.131          0.403776E+00
     72.444          0.420814E+00
     70.795          0.438276E+00
     69.183          0.457019E+00
     67.608          0.477037E+00
     66.069          0.497530E+00
     64.565          0.518513E+00
     63.096          0.539999E+00
     61.660          0.562003E+00
     60.256          0.584539E+00
     58.884          0.616632E+00
     57.544          0.651655E+00
     56.234          0.687617E+00
     54.954          0.724541E+00
     53.703          0.762451E+00
     52.481          0.801371E+00
     51.286          0.841329E+00
     50.119          0.882352E+00
     48.978          0.924800E+00
     47.863          0.968160E+00
     46.774          0.101241E+01
     45.709          0.105758E+01
     44.668          0.113863E+01
     43.652          0.123091E+01
     42.658          0.125038E+01
     41.687          0.126877E+01
     40.738          0.135440E+01
     39.811          0.146882E+01
     38.905          0.171238E+01
     38.019          0.178697E+01
     37.154          0.169888E+01
     36.308          0.166724E+01
     35.481          0.174522E+01
     34.674          0.188064E+01
     33.884          0.205412E+01
     33.113          0.224605E+01
     32.359          0.232287E+01
     31.623          0.240087E+01
     30.903          0.253191E+01
     30.200          0.267913E+01
     29.512          0.283308E+01
     28.840          0.289476E+01
     28.184          0.295280E+01
     27.542          0.300871E+01
     26.915          0.305424E+01
     26.303          0.306062E+01
     25.704          0.298605E+01
     25.119          0.290380E+01
     24.547          0.286587E+01
     23.988          0.284391E+01
     23.442          0.282557E+01
     22.909          0.282722E+01
     22.387          0.291055E+01
     21.878          0.299640E+01
     21.380          0.308476E+01
     20.893          0.318916E+01
     20.417          0.334227E+01
     19.953          0.350455E+01
     19.498          0.374481E+01
     19.055          0.398631E+01
     18.621          0.412747E+01
     18.197          0.425162E+01
     17.783          0.441135E+01
     17.378          0.461579E+01
     16.982          0.483492E+01
     16.596          0.506861E+01
     16.218          0.512459E+01
     15.849          0.511757E+01
     15.488          0.511018E+01
     15.136          0.510235E+01
     14.791          0.509529E+01
     14.454          0.508531E+01
     14.125          0.507065E+01
     13.804          0.505109E+01
     13.490          0.501786E+01
     13.183          0.472793E+01
     12.882          0.442368E+01
     12.589          0.420284E+01
     12.303          0.413701E+01
     12.023          0.407141E+01
     11.749          0.426399E+01
     11.482          0.448060E+01
     11.220          0.472712E+01
     10.965          0.499844E+01
     10.715          0.529269E+01
     10.471          0.561226E+01
     10.233          0.593810E+01
     10.000          0.627960E+01
      9.772          0.643012E+01
      9.550          0.612495E+01
      9.333          0.571778E+01
      9.120          0.508528E+01
      8.913          0.453362E+01
      8.710          0.411030E+01
      8.511          0.388886E+01
      8.318          0.367313E+01
      8.128          0.354771E+01
      7.943          0.347209E+01
      7.762          0.339447E+01
      7.586          0.331020E+01
      7.413          0.345480E+01
      7.244          0.366023E+01
      7.079          0.386974E+01
      6.918          0.409288E+01
      6.761          0.431534E+01
      6.607          0.448426E+01
      6.457          0.465987E+01
      6.310          0.483199E+01
      6.166          0.501361E+01
      6.026          0.520835E+01
      5.888          0.535368E+01
      5.754          0.504333E+01
      5.623          0.473461E+01
      5.495          0.451686E+01
      5.370          0.434422E+01
      5.248          0.428682E+01
      5.129          0.433985E+01
      5.012          0.443513E+01
      4.898          0.450280E+01
      4.786          0.454451E+01
      4.677          0.467103E+01
      4.571          0.474624E+01
      4.467          0.484974E+01
      4.365          0.504824E+01
      4.266          0.515708E+01
      4.169          0.531682E+01
      4.074          0.551394E+01
      3.981          0.561173E+01
      3.890          0.584275E+01
      3.802          0.605481E+01
      3.715          0.624960E+01
      3.631          0.666814E+01
      3.548          0.697827E+01
      3.467          0.768216E+01
      3.388          0.902717E+01
      3.311          0.957164E+01
      3.236          0.948474E+01
      3.162          0.937876E+01
      3.090          0.921122E+01
      3.020          0.944153E+01
      2.951          0.953209E+01
      2.884          0.967200E+01
      2.818          0.963535E+01
      2.754          0.957471E+01
      2.692          0.967519E+01
      2.630          0.973872E+01
      2.570          0.982534E+01
      2.512          0.988307E+01
      2.455          0.102934E+02
      2.399          0.107846E+02
      2.344          0.112695E+02
      2.291          0.116593E+02
      2.239          0.130006E+02
      2.188          0.149895E+02
      2.138          0.167479E+02
      2.089          0.178271E+02
      2.042          0.189940E+02
      1.995          0.202751E+02
      1.950          0.218069E+02
      1.905          0.234301E+02
      1.862          0.248588E+02
      1.820          0.263256E+02
      1.778          0.273973E+02
      1.738          0.280582E+02
      1.698          0.287001E+02
      1.660          0.293252E+02
      1.622          0.295346E+02
      1.585          0.295820E+02
      1.549          0.296047E+02
      1.514          0.296373E+02
      1.479          0.296832E+02
      1.445          0.297252E+02
      1.413          0.297718E+02
      1.380          0.299933E+02
      1.349          0.303263E+02
      1.318          0.304568E+02
      1.288          0.307832E+02
      1.259          0.314312E+02
      1.230          0.321045E+02
      1.202          0.327806E+02
      1.175          0.334688E+02
      1.148          0.341942E+02
      1.122          0.350822E+02
      1.096          0.359897E+02
      1.072          0.369285E+02
      1.047          0.378772E+02
      1.023          0.388487E+02
      1.000          0.398495E+02
      0.977          0.408139E+02
      0.955          0.418015E+02
      0.933          0.428151E+02
      0.912          0.438385E+02
      0.891          0.448871E+02
      0.871          0.459598E+02
      0.851          0.470466E+02
      0.832          0.476054E+02
      0.813          0.481362E+02
      0.794          0.486674E+02
      0.776          0.492133E+02
      0.759          0.497604E+02
      0.741          0.503118E+02
      0.724          0.508768E+02
      0.708          0.514216E+02
      0.692          0.519752E+02
      0.676          0.525574E+02
      0.661          0.531267E+02
      0.646          0.538655E+02
      0.631          0.550050E+02
      0.617          0.561345E+02
      0.603          0.573020E+02
      0.589          0.585093E+02
      0.575          0.597070E+02
      0.562          0.610478E+02
      0.550          0.625006E+02
      0.537          0.639542E+02
      0.525          0.655022E+02
      0.513          0.671505E+02
      0.501          0.688067E+02
      0.490          0.705109E+02
      0.479          0.722542E+02
      0.468          0.740210E+02
      0.457          0.758355E+02
      0.447          0.780023E+02
      0.437          0.809102E+02
      0.427          0.838783E+02
      0.417          0.868946E+02
      0.407          0.899740E+02
      0.398          0.932401E+02
      0.389          0.970526E+02
      0.380          0.100940E+03
      0.372          0.104902E+03
      0.363          0.108941E+03
      0.355          0.113060E+03
      0.347          0.118201E+03
      0.339          0.124856E+03
      0.331          0.131681E+03
      0.324          0.138679E+03
      0.316          0.145438E+03
      0.309          0.150366E+03
      0.302          0.155421E+03
      0.295          0.161381E+03
      0.288          0.167806E+03
      0.282          0.174392E+03
      0.275          0.181141E+03
      0.269          0.188060E+03
      0.263          0.195151E+03
      0.257          0.202420E+03
      0.251          0.209873E+03
      0.245          0.218182E+03
      0.240          0.226904E+03
      0.234          0.235874E+03
      0.229          0.245100E+03
      0.224          0.254588E+03
      0.219          0.263356E+03
      0.214          0.269220E+03
      0.209          0.275231E+03
      0.204          0.281398E+03
      0.200          0.287063E+03
      0.195          0.287065E+03
      0.191          0.287066E+03
      0.186          0.287070E+03
      0.182          0.287078E+03
      0.178          0.287091E+03
      0.174          0.288016E+03
      0.170          0.291208E+03
      0.166          0.294695E+03
      0.162          0.298468E+03
      0.158          0.302523E+03
      0.155          0.308574E+03
      0.151          0.364915E+03
      0.148          0.421546E+03
      0.145          0.478488E+03
      0.141          0.535775E+03
      0.138          0.594144E+03
      0.135          0.654842E+03
      0.132          0.717800E+03
      0.129          0.783032E+03
      0.126          0.850573E+03
      0.123          0.936286E+03
      0.120          0.103407E+04
      0.117          0.113737E+04
      0.115          0.124629E+04
      0.112          0.136088E+04
      0.110          0.148127E+04
      0.107          0.160740E+04
      0.105          0.174394E+04
      0.102          0.192541E+04
      0.100          0.212286E+04
