  10000.000          0.660043E-03
   9772.372          0.703779E-03
   9549.926          0.751768E-03
   9332.543          0.807795E-03
   9120.108          0.868137E-03
   8912.509          0.933133E-03
   8709.636          0.100315E-02
   8511.380          0.107858E-02
   8317.638          0.115986E-02
   8128.305          0.124744E-02
   7943.282          0.134181E-02
   7762.471          0.144351E-02
   7585.776          0.155312E-02
   7413.102          0.167125E-02
   7244.360          0.179855E-02
   7079.458          0.193575E-02
   6918.310          0.208360E-02
   6760.830          0.224293E-02
   6606.934          0.241460E-02
   6456.542          0.259955E-02
   6309.573          0.279877E-02
   6165.950          0.301332E-02
   6025.596          0.324434E-02
   5888.437          0.349300E-02
   5754.399          0.376057E-02
   5623.413          0.406014E-02
   5495.409          0.439130E-02
   5370.318          0.474767E-02
   5248.075          0.513072E-02
   5128.614          0.554187E-02
   5011.872          0.598253E-02
   4897.788          0.645403E-02
   4786.301          0.695759E-02
   4677.351          0.749432E-02
   4570.882          0.806513E-02
   4466.836          0.867074E-02
   4365.158          0.931158E-02
   4265.795          0.998777E-02
   4168.694          0.106991E-01
   4073.803          0.114449E-01
   3981.072          0.122241E-01
   3890.451          0.130351E-01
   3801.894          0.138759E-01
   3715.352          0.147438E-01
   3630.781          0.156357E-01
   3548.134          0.165480E-01
   3467.369          0.174765E-01
   3388.442          0.184168E-01
   3311.311          0.193640E-01
   3235.937          0.203129E-01
   3162.278          0.212583E-01
   3090.295          0.221948E-01
   3019.952          0.231172E-01
   2951.209          0.240161E-01
   2884.032          0.248937E-01
   2818.383          0.257483E-01
   2754.229          0.265765E-01
   2691.535          0.273753E-01
   2630.268          0.281422E-01
   2570.396          0.288897E-01
   2511.886          0.296137E-01
   2454.709          0.302971E-01
   2398.833          0.309389E-01
   2344.229          0.315385E-01
   2290.868          0.320961E-01
   2238.721          0.326121E-01
   2187.762          0.330876E-01
   2137.962          0.335238E-01
   2089.296          0.339224E-01
   2041.738          0.342852E-01
   1995.262          0.346075E-01
   1949.845          0.348378E-01
   1905.461          0.350373E-01
   1862.087          0.352088E-01
   1819.701          0.353552E-01
   1778.279          0.354792E-01
   1737.801          0.355833E-01
   1698.244          0.356701E-01
   1659.587          0.357418E-01
   1621.810          0.358007E-01
   1584.893          0.358487E-01
   1548.817          0.358877E-01
   1513.561          0.359194E-01
   1479.108          0.359807E-01
   1445.440          0.360619E-01
   1412.538          0.361416E-01
   1380.384          0.362207E-01
   1348.963          0.363003E-01
   1318.257          0.363811E-01
   1288.250          0.364825E-01
   1258.925          0.366136E-01
   1230.269          0.367457E-01
   1202.264          0.368794E-01
   1174.898          0.370154E-01
   1148.154          0.371543E-01
   1122.018          0.372967E-01
   1096.478          0.374430E-01
   1071.519          0.375938E-01
   1047.129          0.377495E-01
   1023.293          0.379105E-01
   1000.000          0.380772E-01
    977.237          0.382298E-01
    954.993          0.383868E-01
    933.254          0.385488E-01
    912.011          0.387162E-01
    891.251          0.388893E-01
    870.964          0.390687E-01
    851.138          0.392545E-01
    831.764          0.394472E-01
    812.831          0.396471E-01
    794.328          0.398543E-01
    776.247          0.400698E-01
    758.578          0.402943E-01
    741.310          0.405281E-01
    724.436          0.407715E-01
    707.946          0.410249E-01
    691.831          0.412884E-01
    676.083          0.415625E-01
    660.693          0.418473E-01
    645.654          0.421432E-01
    630.957          0.424502E-01
    616.595          0.427688E-01
    602.560          0.430991E-01
    588.844          0.435066E-01
    575.440          0.439443E-01
    562.341          0.443979E-01
    549.541          0.448677E-01
    537.032          0.453539E-01
    524.807          0.458568E-01
    512.861          0.463768E-01
    501.187          0.469140E-01
    489.779          0.477107E-01
    478.630          0.485600E-01
    467.735          0.494350E-01
    457.088          0.503359E-01
    446.684          0.512600E-01
    436.516          0.522048E-01
    426.580          0.531785E-01
    416.869          0.541815E-01
    407.380          0.552141E-01
    398.107          0.562770E-01
    389.045          0.573707E-01
    380.189          0.584955E-01
    371.535          0.596521E-01
    363.078          0.608411E-01
    354.813          0.620630E-01
    346.737          0.632951E-01
    338.844          0.645266E-01
    331.131          0.657917E-01
    323.594          0.670910E-01
    316.228          0.684250E-01
    309.030          0.697944E-01
    301.995          0.711999E-01
    295.121          0.726422E-01
    288.403          0.741219E-01
    281.838          0.756398E-01
    275.423          0.771966E-01
    269.153          0.787931E-01
    263.027          0.804301E-01
    257.040          0.821085E-01
    251.189          0.838290E-01
    245.471          0.862285E-01
    239.883          0.888543E-01
    234.423          0.915446E-01
    229.087          0.943010E-01
    223.872          0.971247E-01
    218.776          0.100017E+00
    213.796          0.102980E+00
    208.930          0.106015E+00
    204.174          0.109124E+00
    199.526          0.112328E+00
    194.984          0.115786E+00
    190.546          0.119329E+00
    186.209          0.122958E+00
    181.970          0.126676E+00
    177.828          0.130485E+00
    173.780          0.134386E+00
    169.824          0.138382E+00
    165.959          0.142475E+00
    162.181          0.146666E+00
    158.489          0.150959E+00
    154.882          0.155372E+00
    151.356          0.160370E+00
    147.911          0.165680E+00
    144.544          0.171299E+00
    141.254          0.177417E+00
    138.038          0.184524E+00
    134.896          0.191870E+00
    131.826          0.199657E+00
    128.825          0.208063E+00
    125.893          0.216521E+00
    123.027          0.224935E+00
    120.226          0.233552E+00
    117.490          0.242499E+00
    114.815          0.251745E+00
    112.202          0.262221E+00
    109.648          0.273037E+00
    107.152          0.284690E+00
    104.713          0.296576E+00
    102.329          0.308705E+00
    100.000          0.321125E+00
     97.724          0.335536E+00
     95.499          0.350288E+00
     93.325          0.365390E+00
     91.201          0.380849E+00
     89.125          0.396675E+00
     87.096          0.412876E+00
     85.114          0.429461E+00
     83.176          0.450132E+00
     81.283          0.471546E+00
     79.433          0.493489E+00
     77.625          0.515975E+00
     75.858          0.539016E+00
     74.131          0.562626E+00
     72.444          0.586819E+00
     70.795          0.611608E+00
     69.183          0.638673E+00
     67.608          0.667990E+00
     66.069          0.697984E+00
     64.565          0.728673E+00
     63.096          0.760075E+00
     61.660          0.792211E+00
     60.256          0.825099E+00
     58.884          0.869283E+00
     57.544          0.917072E+00
     56.234          0.966149E+00
     54.954          0.101654E+01
     53.703          0.106828E+01
     52.481          0.112140E+01
     51.286          0.117592E+01
     50.119          0.123188E+01
     48.978          0.128599E+01
     47.863          0.134107E+01
     46.774          0.139751E+01
     45.709          0.145534E+01
     44.668          0.154516E+01
     43.652          0.164324E+01
     42.658          0.169124E+01
     41.687          0.174378E+01
     40.738          0.184902E+01
     39.811          0.198126E+01
     38.905          0.221822E+01
     38.019          0.232776E+01
     37.154          0.233938E+01
     36.308          0.237661E+01
     35.481          0.249023E+01
     34.674          0.265142E+01
     33.884          0.287310E+01
     33.113          0.311878E+01
     32.359          0.330608E+01
     31.623          0.350441E+01
     30.903          0.375090E+01
     30.200          0.401463E+01
     29.512          0.428846E+01
     28.840          0.442606E+01
     28.184          0.456188E+01
     27.542          0.469834E+01
     26.915          0.481013E+01
     26.303          0.486519E+01
     25.704          0.480407E+01
     25.119          0.473678E+01
     24.547          0.471000E+01
     23.988          0.469655E+01
     23.442          0.468477E+01
     22.909          0.469424E+01
     22.387          0.480079E+01
     21.878          0.490827E+01
     21.380          0.501659E+01
     20.893          0.515090E+01
     20.417          0.537433E+01
     19.953          0.561114E+01
     19.498          0.596068E+01
     19.055          0.631443E+01
     18.621          0.657432E+01
     18.197          0.681672E+01
     17.783          0.706114E+01
     17.378          0.731690E+01
     16.982          0.758325E+01
     16.596          0.786225E+01
     16.218          0.777612E+01
     15.849          0.756400E+01
     15.488          0.734913E+01
     15.136          0.712913E+01
     14.791          0.697759E+01
     14.454          0.686759E+01
     14.125          0.675138E+01
     13.804          0.662941E+01
     13.490          0.649341E+01
     13.183          0.609847E+01
     12.882          0.569038E+01
     12.589          0.550325E+01
     12.303          0.569008E+01
     12.023          0.587054E+01
     11.749          0.639477E+01
     11.482          0.697834E+01
     11.220          0.745573E+01
     10.965          0.788091E+01
     10.715          0.816857E+01
     10.471          0.842851E+01
     10.233          0.842344E+01
     10.000          0.836000E+01
      9.772          0.796626E+01
      9.550          0.727838E+01
      9.333          0.656282E+01
      9.120          0.537807E+01
      8.913          0.448393E+01
      8.710          0.404024E+01
      8.511          0.384315E+01
      8.318          0.365133E+01
      8.128          0.357765E+01
      7.943          0.357411E+01
      7.762          0.357285E+01
      7.586          0.357422E+01
      7.413          0.375290E+01
      7.244          0.398115E+01
      7.079          0.421573E+01
      6.918          0.445675E+01
      6.761          0.470308E+01
      6.607          0.487366E+01
      6.457          0.504349E+01
      6.310          0.521757E+01
      6.166          0.539778E+01
      6.026          0.558377E+01
      5.888          0.571990E+01
      5.754          0.526825E+01
      5.623          0.480395E+01
      5.495          0.448639E+01
      5.370          0.420530E+01
      5.248          0.406561E+01
      5.129          0.411211E+01
      5.012          0.416686E+01
      4.898          0.420936E+01
      4.786          0.425316E+01
      4.677          0.433790E+01
      4.571          0.442021E+01
      4.467          0.453950E+01
      4.365          0.470590E+01
      4.266          0.486521E+01
      4.169          0.502934E+01
      4.074          0.520252E+01
      3.981          0.537349E+01
      3.890          0.559437E+01
      3.802          0.581975E+01
      3.715          0.611242E+01
      3.631          0.654118E+01
      3.548          0.696297E+01
      3.467          0.785726E+01
      3.388          0.948520E+01
      3.311          0.102087E+02
      3.236          0.100069E+02
      3.162          0.979340E+01
      3.090          0.960507E+01
      3.020          0.975054E+01
      2.951          0.989309E+01
      2.884          0.997336E+01
      2.818          0.987934E+01
      2.754          0.976903E+01
      2.692          0.981882E+01
      2.630          0.987163E+01
      2.570          0.992425E+01
      2.512          0.997207E+01
      2.455          0.104395E+02
      2.399          0.110258E+02
      2.344          0.116119E+02
      2.291          0.121610E+02
      2.239          0.139068E+02
      2.188          0.164918E+02
      2.138          0.187469E+02
      2.089          0.198475E+02
      2.042          0.210026E+02
      1.995          0.222412E+02
      1.950          0.238280E+02
      1.905          0.254811E+02
      1.862          0.266142E+02
      1.820          0.276758E+02
      1.778          0.282783E+02
      1.738          0.284338E+02
      1.698          0.285583E+02
      1.660          0.286618E+02
      1.622          0.285309E+02
      1.585          0.283234E+02
      1.549          0.281118E+02
      1.514          0.279708E+02
      1.479          0.279192E+02
      1.445          0.278747E+02
      1.413          0.278244E+02
      1.380          0.279822E+02
      1.349          0.282694E+02
      1.318          0.282298E+02
      1.288          0.284025E+02
      1.259          0.289196E+02
      1.230          0.294389E+02
      1.202          0.299673E+02
      1.175          0.305157E+02
      1.148          0.310652E+02
      1.122          0.316758E+02
      1.096          0.323068E+02
      1.072          0.329325E+02
      1.047          0.335794E+02
      1.023          0.342422E+02
      1.000          0.348995E+02
      0.977          0.354600E+02
      0.955          0.360404E+02
      0.933          0.366081E+02
      0.912          0.371909E+02
      0.891          0.377948E+02
      0.871          0.383914E+02
      0.851          0.390036E+02
      0.832          0.391493E+02
      0.813          0.392412E+02
      0.794          0.393464E+02
      0.776          0.394759E+02
      0.759          0.395835E+02
      0.741          0.396968E+02
      0.724          0.398845E+02
      0.708          0.401429E+02
      0.692          0.404078E+02
      0.676          0.407180E+02
      0.661          0.409974E+02
      0.646          0.414687E+02
      0.631          0.424395E+02
      0.617          0.433826E+02
      0.603          0.443541E+02
      0.589          0.453881E+02
      0.575          0.463927E+02
      0.562          0.475712E+02
      0.550          0.489067E+02
      0.537          0.502356E+02
      0.525          0.517157E+02
      0.513          0.534030E+02
      0.501          0.550986E+02
      0.490          0.568455E+02
      0.479          0.586287E+02
      0.468          0.604335E+02
      0.457          0.623039E+02
      0.447          0.647703E+02
      0.437          0.685148E+02
      0.427          0.723552E+02
      0.417          0.762561E+02
      0.407          0.802411E+02
      0.398          0.845797E+02
      0.389          0.900067E+02
      0.380          0.955500E+02
      0.372          0.101207E+03
      0.363          0.106974E+03
      0.355          0.112867E+03
      0.347          0.120105E+03
      0.339          0.129325E+03
      0.331          0.138786E+03
      0.324          0.148487E+03
      0.316          0.157884E+03
      0.309          0.164874E+03
      0.302          0.172050E+03
      0.295          0.180411E+03
      0.288          0.189396E+03
      0.282          0.198614E+03
      0.275          0.208070E+03
      0.269          0.217771E+03
      0.263          0.227722E+03
      0.257          0.237930E+03
      0.251          0.248402E+03
      0.245          0.259499E+03
      0.240          0.271005E+03
      0.234          0.282841E+03
      0.229          0.295014E+03
      0.224          0.307533E+03
      0.219          0.318605E+03
      0.214          0.324249E+03
      0.209          0.330001E+03
      0.204          0.335868E+03
      0.200          0.340745E+03
      0.195          0.335963E+03
      0.191          0.331021E+03
      0.186          0.325918E+03
      0.182          0.320650E+03
      0.178          0.315215E+03
      0.174          0.310370E+03
      0.170          0.307343E+03
      0.166          0.304539E+03
      0.162          0.301958E+03
      0.158          0.299598E+03
      0.155          0.299821E+03
      0.151          0.368823E+03
      0.148          0.438177E+03
      0.145          0.507924E+03
      0.141          0.578076E+03
      0.138          0.648633E+03
      0.135          0.721229E+03
      0.132          0.796343E+03
      0.129          0.874079E+03
      0.126          0.954227E+03
      0.123          0.105459E+04
      0.120          0.116795E+04
      0.117          0.128710E+04
      0.115          0.141216E+04
      0.112          0.154293E+04
      0.110          0.167955E+04
      0.107          0.182192E+04
      0.105          0.197325E+04
      0.102          0.215922E+04
      0.100          0.235800E+04
